134.5 162.5 21 53 0
141.5 161.5 19 53 0
148 160 20 50 0
152.5 156 21 52 0
157.5 161 19 50 0
164 162 20 54 0
171 161 18 52 0
175 159.5 18 51 0
182 160 18 52 0
187 160.5 18 51 0
193.2965 162.4029 18.0000 51.0000 0.0000
199.3804 163.3548 18.0000 51.0000 0.0000
206.1738 161.7464 18.0000 51.0000 0.0000
212.7225 162.1228 18.0000 51.0000 0.0000
217.5900 162.7561 18.0000 51.0000 0.0000
224.1387 163.1326 18.0000 51.0000 0.0000
229.9558 164.3518 18.0000 51.0000 0.0000
234.8232 164.9851 18.0000 51.0000 0.0000
241.8921 163.4255 18.0000 51.0000 0.0000
245.3376 166.0598 18.0000 51.0000 0.0000
254.1708 164.2977 18.0000 51.0000 0.0000
257.6164 166.9319 18.0000 51.0000 0.0000
261.6929 165.2542 18.0000 51.0000 0.0000
270.5262 163.4922 18.0000 51.0000 0.0000
271.3839 165.0262 18.0000 51.0000 0.0000
277.9326 165.4026 18.0000 51.0000 0.0000
284.2290 167.3056 18.0000 51.0000 0.0000
288.1427 165.7966 18.0000 51.0000 0.0000
297.3158 170.5195 18.0000 51.0000 0.0000
298.1735 172.0535 18.0000 51.0000 0.0000
304.5305 167.2283 18.0000 51.0000 0.0000
307.4121 171.7607 18.0000 51.0000 0.0000
310.8577 174.3949 18.0000 51.0000 0.0000
310.8577 174.3949 18.0000 51.0000 0.0000
310.8577 174.3949 18.0000 51.0000 0.0000
310.8577 174.3949 18.0000 51.0000 0.0000
310.8577 174.3949 18.0000 51.0000 0.0000
310.8577 174.3949 18.0000 51.0000 0.0000
310.8577 174.3949 18.0000 51.0000 0.0000
309.0750 176.9314 18.0000 51.0000 0.0000
298.6702 177.1066 18.0000 51.0000 0.0000
283.1074 179.0582 18.0000 51.0000 0.0000
266.6074 179.9542 18.0000 51.0000 0.0000
254.1506 181.0040 18.0000 51.0000 0.0000
237.0110 182.5260 18.0000 51.0000 0.0000
224.2651 181.8352 18.0000 51.0000 0.0000
204.7196 188.8706 18.0000 51.0000 0.0000
191.7554 185.2293 18.0000 51.0000 0.0000
180.6391 186.7306 18.0000 51.0000 0.0000
159.0942 191.3071 18.0000 51.0000 0.0000
152.7484 188.2689 18.0000 51.0000 0.0000
142.0990 194.0078 18.0000 51.0000 0.0000
132.3728 189.9574 18.0000 51.0000 0.0000
130.9950 190.0342 18.0000 51.0000 0.0000
125.0635 192.1852 18.0000 51.0000 0.0000
128.9772 190.6762 18.0000 51.0000 0.0000
130.4418 194.3486 18.0000 51.0000 0.0000
131.2995 195.8827 18.0000 51.0000 0.0000
135.2132 194.3737 18.0000 51.0000 0.0000
136.8774 198.0821 18.0000 51.0000 0.0000
142.0877 200.3594 18.0000 51.0000 0.0000
142.6004 201.6366 18.0000 51.0000 0.0000
148.0490 200.8409 18.0000 51.0000 0.0000
163.5292 212.7278 18.0000 51.0000 0.0000
160.3329 212.7486 18.0000 51.0000 0.0000
161.1906 214.2827 18.0000 51.0000 0.0000
159.8128 214.3595 18.0000 51.0000 0.0000
158.4350 214.4363 18.0000 51.0000 0.0000
158.4350 214.4363 18.0000 51.0000 0.0000
157.5169 214.1382 18.0000 51.0000 0.0000
160.4557 213.9254 18.0000 51.0000 0.0000
160.4557 213.9254 18.0000 51.0000 0.0000
160.4557 213.9254 18.0000 51.0000 0.0000
160.4557 213.9254 18.0000 51.0000 0.0000
160.4557 213.9254 18.0000 51.0000 0.0000
160.4557 213.9254 18.0000 51.0000 0.0000
160.4557 213.9254 18.0000 51.0000 0.0000
160.4557 213.9254 18.0000 51.0000 0.0000
160.4557 213.9254 18.0000 51.0000 0.0000
160.4557 213.9254 18.0000 51.0000 0.0000
160.4557 213.9254 18.0000 51.0000 0.0000
160.4557 213.9254 18.0000 51.0000 0.0000
160.4557 213.9254 18.0000 51.0000 0.0000
160.4557 213.9254 18.0000 51.0000 0.0000
160.4557 213.9254 18.0000 51.0000 0.0000
160.4557 213.9254 18.0000 51.0000 0.0000
160.4557 213.9254 18.0000 51.0000 0.0000
160.4557 213.9254 18.0000 51.0000 0.0000
160.4557 213.9254 18.0000 51.0000 0.0000
160.4557 213.9254 18.0000 51.0000 0.0000
160.4557 213.9254 18.0000 51.0000 0.0000
160.4557 213.9254 18.0000 51.0000 0.0000
160.4557 213.9254 18.0000 51.0000 0.0000
160.4557 213.9254 18.0000 51.0000 0.0000
160.4557 213.9254 18.0000 51.0000 0.0000
160.4557 213.9254 18.0000 51.0000 0.0000
160.4557 213.9254 18.0000 51.0000 0.0000
160.4557 213.9254 18.0000 51.0000 0.0000
160.4557 213.9254 18.0000 51.0000 0.0000
160.4557 213.9254 18.0000 51.0000 0.0000
160.4557 213.9254 18.0000 51.0000 0.0000
160.4557 213.9254 18.0000 51.0000 0.0000
160.4557 213.9254 18.0000 51.0000 0.0000
160.4557 213.9254 18.0000 51.0000 0.0000
160.4557 213.9254 18.0000 51.0000 0.0000
160.4557 213.9254 18.0000 51.0000 0.0000
160.4557 213.9254 18.0000 51.0000 0.0000
160.4557 213.9254 18.0000 51.0000 0.0000
160.4557 213.9254 18.0000 51.0000 0.0000
160.4557 213.9254 18.0000 51.0000 0.0000
160.4557 213.9254 18.0000 51.0000 0.0000
160.4557 213.9254 18.0000 51.0000 0.0000
160.4557 213.9254 18.0000 51.0000 0.0000
160.4557 213.9254 18.0000 51.0000 0.0000
160.4557 213.9254 18.0000 51.0000 0.0000
160.4557 213.9254 18.0000 51.0000 0.0000
160.4557 213.9254 18.0000 51.0000 0.0000
160.4557 213.9254 18.0000 51.0000 0.0000
160.4557 213.9254 18.0000 51.0000 0.0000
160.4557 213.9254 18.0000 51.0000 0.0000
160.4557 213.9254 18.0000 51.0000 0.0000
160.4557 213.9254 18.0000 51.0000 0.0000
160.4557 213.9254 18.0000 51.0000 0.0000
160.4557 213.9254 18.0000 51.0000 0.0000
160.4557 213.9254 18.0000 51.0000 0.0000
160.4557 213.9254 18.0000 51.0000 0.0000
160.4557 213.9254 18.0000 51.0000 0.0000
160.4557 213.9254 18.0000 51.0000 0.0000
160.4557 213.9254 18.0000 51.0000 0.0000
160.4557 213.9254 18.0000 51.0000 0.0000
160.4557 213.9254 18.0000 51.0000 0.0000
160.4557 213.9254 18.0000 51.0000 0.0000
160.4557 213.9254 18.0000 51.0000 0.0000
160.4557 213.9254 18.0000 51.0000 0.0000
160.4557 213.9254 18.0000 51.0000 0.0000
160.4557 213.9254 18.0000 51.0000 0.0000
160.4557 213.9254 18.0000 51.0000 0.0000
160.4557 213.9254 18.0000 51.0000 0.0000
160.4557 213.9254 18.0000 51.0000 0.0000
160.4557 213.9254 18.0000 51.0000 0.0000
160.4557 213.9254 18.0000 51.0000 0.0000
160.4557 213.9254 18.0000 51.0000 0.0000
160.4557 213.9254 18.0000 51.0000 0.0000
160.4557 213.9254 18.0000 51.0000 0.0000
160.4557 213.9254 18.0000 51.0000 0.0000
160.4557 213.9254 18.0000 51.0000 0.0000
160.4557 213.9254 18.0000 51.0000 0.0000
160.4557 213.9254 18.0000 51.0000 0.0000
160.4557 213.9254 18.0000 51.0000 0.0000
160.4557 213.9254 18.0000 51.0000 0.0000
160.4557 213.9254 18.0000 51.0000 0.0000
160.4557 213.9254 18.0000 51.0000 0.0000
160.4557 213.9254 18.0000 51.0000 0.0000
160.4557 213.9254 18.0000 51.0000 0.0000
160.4557 213.9254 18.0000 51.0000 0.0000
160.4557 213.9254 18.0000 51.0000 0.0000
160.4557 213.9254 18.0000 51.0000 0.0000
160.4557 213.9254 18.0000 51.0000 0.0000
160.4557 213.9254 18.0000 51.0000 0.0000
160.4557 213.9254 18.0000 51.0000 0.0000
160.4557 213.9254 18.0000 51.0000 0.0000
160.4557 213.9254 18.0000 51.0000 0.0000
160.4557 213.9254 18.0000 51.0000 0.0000
160.4557 213.9254 18.0000 51.0000 0.0000
160.4557 213.9254 18.0000 51.0000 0.0000
93.1897 214.2955 18.0000 51.0000 0.0000
89.0997 212.9948 18.0000 51.0000 0.0000
94.3484 206.5509 18.0000 51.0000 0.0000
101.3437 202.4256 18.0000 51.0000 0.0000
106.3996 200.8530 18.0000 51.0000 0.0000
111.5759 194.1537 18.0000 51.0000 0.0000
111.5759 194.1537 18.0000 51.0000 0.0000
120.2229 187.0331 18.0000 51.0000 0.0000
125.2842 180.4860 18.0000 51.0000 0.0000
125.4463 184.1487 18.0000 51.0000 0.0000
132.6634 176.5081 18.0000 51.0000 0.0000
133.9803 180.4390 18.0000 51.0000 0.0000
138.5814 174.5010 18.0000 51.0000 0.0000
138.5814 174.5010 18.0000 51.0000 0.0000
109.8699 182.4825 18.0000 51.0000 0.0000
151.4964 169.9146 18.0000 51.0000 0.0000
154.7557 175.5905 18.0000 51.0000 0.0000
156.6578 168.9492 18.0000 51.0000 0.0000
167.2378 168.1215 18.0000 51.0000 0.0000
169.0325 172.4640 18.0000 51.0000 0.0000
172.9435 167.4395 18.0000 51.0000 0.0000
181.0004 172.9914 18.0000 51.0000 0.0000
178.3294 172.1514 18.0000 51.0000 0.0000
181.8953 167.5837 18.0000 51.0000 0.0000
179.3912 166.7978 18.0000 51.0000 0.0000
182.7271 162.5346 18.0000 51.0000 0.0000
185.1286 166.6765 18.0000 51.0000 0.0000
188.2344 162.7179 18.0000 51.0000 0.0000
190.4644 166.5530 18.0000 51.0000 0.0000
189.2065 159.8078 18.0000 51.0000 0.0000
194.9315 156.9259 18.0000 51.0000 0.0000
196.9043 160.3008 18.0000 51.0000 0.0000
195.0679 159.7317 18.0000 51.0000 0.0000
197.4836 156.6866 18.0000 51.0000 0.0000
199.7841 153.7937 18.0000 51.0000 0.0000
201.4138 156.5550 18.0000 51.0000 0.0000
208.4583 153.9897 18.0000 51.0000 0.0000
207.0394 153.5562 18.0000 51.0000 0.0000
208.8799 151.2723 18.0000 51.0000 0.0000
210.1664 153.4200 18.0000 51.0000 0.0000
215.6455 151.4583 18.0000 51.0000 0.0000
214.5604 151.1331 18.0000 51.0000 0.0000
219.2568 149.4733 18.0000 51.0000 0.0000
220.5221 147.9507 18.0000 51.0000 0.0000
219.6875 147.6797 18.0000 51.0000 0.0000
222.2472 143.9243 18.0000 51.0000 0.0000
223.1049 145.4583 18.0000 51.0000 0.0000
220.0279 143.8587 18.0000 51.0000 0.0000
219.1932 143.5877 18.0000 51.0000 0.0000
213.7197 144.7175 18.0000 51.0000 0.0000
214.8700 143.1949 18.0000 51.0000 0.0000
212.1949 143.9819 18.0000 51.0000 0.0000
206.8571 141.6610 18.0000 51.0000 0.0000
207.7148 143.1951 18.0000 51.0000 0.0000
202.2413 144.3249 18.0000 51.0000 0.0000
199.1643 142.7252 18.0000 51.0000 0.0000
196.4892 143.5122 18.0000 51.0000 0.0000
194.2593 144.0109 18.0000 51.0000 0.0000
187.4551 143.2186 18.0000 51.0000 0.0000
185.2252 143.7174 18.0000 51.0000 0.0000
182.1482 142.1177 18.0000 51.0000 0.0000
175.2117 142.2429 18.0000 51.0000 0.0000
174.5307 140.5679 18.0000 51.0000 0.0000
171.8556 141.3549 18.0000 51.0000 0.0000
166.3821 142.4847 18.0000 51.0000 0.0000
165.8789 139.6742 18.0000 51.0000 0.0000
154.7626 141.1754 18.0000 51.0000 0.0000
155.6203 142.7095 18.0000 51.0000 0.0000
149.6888 144.8604 18.0000 51.0000 0.0000
147.0137 145.6473 18.0000 51.0000 0.0000
144.7838 146.1461 18.0000 51.0000 0.0000
136.6824 144.6057 18.0000 51.0000 0.0000
134.0073 145.3927 18.0000 51.0000 0.0000
128.5338 146.5224 18.0000 51.0000 0.0000
127.6991 146.2515 18.0000 51.0000 0.0000
125.0240 147.0384 18.0000 51.0000 0.0000
122.3489 147.8254 18.0000 51.0000 0.0000
123.2066 149.3594 18.0000 51.0000 0.0000
117.7331 150.4892 18.0000 51.0000 0.0000
119.6010 153.8988 18.0000 51.0000 0.0000
120.7513 152.3762 18.0000 51.0000 0.0000
119.9166 152.1052 18.0000 51.0000 0.0000
112.9389 157.5056 18.0000 51.0000 0.0000
111.5611 157.5824 18.0000 51.0000 0.0000
106.3029 161.7274 18.0000 51.0000 0.0000
105.4682 161.4564 18.0000 51.0000 0.0000
105.2168 165.0068 18.0000 51.0000 0.0000
102.1397 163.4072 18.0000 51.0000 0.0000
100.7619 163.4840 18.0000 51.0000 0.0000
99.3842 163.5608 18.0000 51.0000 0.0000
99.1327 167.1112 18.0000 51.0000 0.0000
93.6592 168.2410 18.0000 51.0000 0.0000
94.8095 166.7184 18.0000 51.0000 0.0000
100.0198 168.9957 18.0000 51.0000 0.0000
108.0379 172.1062 18.0000 51.0000 0.0000
111.4834 174.7405 18.0000 51.0000 0.0000
118.0321 175.1169 18.0000 51.0000 0.0000
121.4776 177.7512 18.0000 51.0000 0.0000
128.0263 178.1276 18.0000 51.0000 0.0000
136.0444 181.2381 18.0000 51.0000 0.0000
142.3408 183.1411 18.0000 51.0000 0.0000
150.3589 186.2516 18.0000 51.0000 0.0000
156.9076 186.6280 18.0000 51.0000 0.0000
168.8170 187.7091 18.0000 51.0000 0.0000
174.0273 189.9864 18.0000 51.0000 0.0000
183.7337 189.1173 18.0000 51.0000 0.0000
187.2376 193.9932 18.0000 51.0000 0.0000
185.8598 194.0700 18.0000 51.0000 0.0000
186.7175 195.6040 18.0000 51.0000 0.0000
184.0423 196.3910 18.0000 51.0000 0.0000
178.5689 197.5208 18.0000 51.0000 0.0000
176.3390 198.0195 18.0000 51.0000 0.0000
165.6897 203.7584 18.0000 51.0000 0.0000
160.3519 201.4376 18.0000 51.0000 0.0000
154.4204 203.5885 18.0000 51.0000 0.0000
144.8107 206.8347 18.0000 51.0000 0.0000
139.4729 204.5138 18.0000 51.0000 0.0000
129.0922 205.4682 18.0000 51.0000 0.0000
125.8959 205.4890 18.0000 51.0000 0.0000
114.7796 206.9902 18.0000 51.0000 0.0000
111.5833 207.0111 18.0000 51.0000 0.0000
112.0961 208.2883 18.0000 51.0000 0.0000
101.7144 209.0663 18.0000 51.0000 0.0000
108.5079 207.4579 18.0000 51.0000 0.0000
100.9972 209.8420 18.0000 51.0000 0.0000
103.9361 209.6055 18.0000 51.0000 0.0000
104.4488 210.8828 18.0000 51.0000 0.0000
98.5787 212.0921 18.0000 51.0000 0.0000
102.6530 208.4679 18.0000 51.0000 0.0000
100.1817 212.4683 18.0000 51.0000 0.0000
99.6785 209.6578 18.0000 51.0000 0.0000
100.5362 211.1919 18.0000 51.0000 0.0000
95.0628 212.3217 18.0000 51.0000 0.0000
98.0016 212.0852 18.0000 51.0000 0.0000
95.4348 213.2009 18.0000 51.0000 0.0000
94.9316 210.3904 18.0000 51.0000 0.0000
94.1425 213.4100 18.0000 51.0000 0.0000
90.9462 213.4309 18.0000 51.0000 0.0000
91.8513 209.5291 18.0000 51.0000 0.0000
91.0622 212.5487 18.0000 51.0000 0.0000
92.7192 211.3605 18.0000 51.0000 0.0000
96.6329 209.8515 18.0000 51.0000 0.0000
94.4030 210.3503 18.0000 51.0000 0.0000
101.4719 208.7906 18.0000 51.0000 0.0000
101.9846 210.0679 18.0000 51.0000 0.0000
106.8036 205.2087 18.0000 51.0000 0.0000
113.3523 205.5852 18.0000 51.0000 0.0000
112.5176 205.3142 18.0000 51.0000 0.0000
119.6679 201.8087 18.0000 51.0000 0.0000
120.5256 203.3428 18.0000 51.0000 0.0000
126.8826 198.5175 18.0000 51.0000 0.0000
130.3282 201.1517 18.0000 51.0000 0.0000
131.2332 197.2499 18.0000 51.0000 0.0000
138.7031 195.1354 18.0000 51.0000 0.0000
139.5608 196.6695 18.0000 51.0000 0.0000
142.8683 191.0328 18.0000 51.0000 0.0000
149.6617 189.4243 18.0000 51.0000 0.0000
149.1586 186.6138 18.0000 51.0000 0.0000
156.3089 183.1083 18.0000 51.0000 0.0000
159.7545 185.7426 18.0000 51.0000 0.0000
162.3142 181.9872 18.0000 51.0000 0.0000
167.1816 182.6204 18.0000 51.0000 0.0000
166.3470 182.3495 18.0000 51.0000 0.0000
175.2896 179.9308 18.0000 51.0000 0.0000
179.2033 178.4218 18.0000 51.0000 0.0000
181.7630 174.6664 18.0000 51.0000 0.0000
187.8470 175.6183 18.0000 51.0000 0.0000
185.6171 176.1171 18.0000 51.0000 0.0000
186.4397 171.3231 18.0000 51.0000 0.0000
187.2974 172.8571 18.0000 51.0000 0.0000
183.3962 170.5292 18.0000 51.0000 0.0000
184.2539 172.0632 18.0000 51.0000 0.0000
175.3587 171.9467 18.0000 51.0000 0.0000
