124,136,145,189
130.56,134.4,151.57,187.42
136.19,135.74,157.18,188.7
140.8,135.63,161.71,188.42
147.24,136.17,167.92,188.39
153.05,136.14,173.7,188.29
159.48,136.15,180.12,188.28
164.17,136.09,184.51,187.48
171.97,135.96,192.3,187.31
176.52,136.39,196.74,187.47
182.46,137.12,202.49,187.74
188.7,138.12,208.65,188.55
194.65,137.37,214.48,187.51
201.36,138.06,221.28,188.41
205.91,138.96,225.71,189.02
213.58,138.52,233.4,188.65
218.64,139.63,238.71,190.34
223.6,139.36,243.55,189.77
231.05,139.36,250.98,189.72
233.72,140.07,253.73,190.63
242.4,138.62,262.53,189.49
245.72,140.51,265.97,191.67
250.1,139.19,270.52,190.78
257.82,140,278.23,191.55
259.68,139.66,280.2,191.49
267.4,140.82,287.95,192.73
271.97,142.15,292.72,194.54
276.38,140.78,297.15,193.2
284.35,144.42,305.08,196.76
285.39,145.38,306.13,197.72
292.43,143.86,313.2,196.29
295.66,148.39,316.32,200.55
299.25,148.21,319.71,199.89
NaN,NaN,NaN,NaN
NaN,NaN,NaN,NaN
NaN,NaN,NaN,NaN
NaN,NaN,NaN,NaN
NaN,NaN,NaN,NaN
NaN,NaN,NaN,NaN
298,151,320,205
287.15,150.54,309.22,204.7
271.76,152.81,293.92,207.18
255.1,153.3,277.08,207.25
243.69,154.89,265.66,208.83
224.04,156.35,246.05,210.38
212.5,155.56,234.49,209.53
194.85,159.21,216.79,213.07
180.09,157.06,202.15,211.2
168.52,160.2,190.68,214.58
149.76,161.73,171.97,216.23
140.9,160.02,163.35,215.11
129.8,164.79,152.19,219.72
120.89,162.67,143.49,218.09
119.7,163.75,142.09,218.69
112.99,166.08,135.59,221.51
116.86,165.36,139.26,220.33
119.03,167.39,141.67,222.92
118.98,167.83,141.78,223.73
124.11,167.7,146.8,223.36
126.01,170.24,148.71,225.93
130.42,172.88,153.05,228.41
127.58,178.4,150.15,233.76
133.17,177.62,155.74,232.97
150.38,188.53,172.53,242.89
146.79,189.71,168.87,243.9
148.94,189.8,170.96,243.83
146.17,192.79,168.14,246.73
146.3,191.74,168.36,245.89
146.03,194.28,168.03,248.29
143.44,193.79,165.64,248.25
145.97,193.93,168.05,248.12
143.43,197.07,165.78,251.92
146.38,195.15,168.91,250.42
149.14,196.03,171.75,251.48
146.13,197.88,168.45,252.63
151.6,196.33,174.05,251.41
153.29,199.95,175.87,255.34
155.77,199.45,178.27,254.66
165.62,200.82,188.03,255.8
167.12,203.23,189.54,258.22
177.49,202.25,199.92,257.28
185.99,205.38,208.34,260.22
191.86,206.11,214.01,260.48
206.1,206.24,228.35,260.85
209.88,209.23,232.18,263.94
219.17,208.18,241.7,263.45
230.45,209.92,252.75,264.64
236.47,210.35,258.89,265.33
247.15,209.59,269.63,264.75
253.32,212.06,275.69,266.96
254.81,211.33,277.26,266.41
260.94,211.61,283.35,266.59
261.67,213.9,284.01,268.71
262.32,213.96,284.52,268.45
260.72,215.91,282.35,269.03
253.71,216.8,274.94,268.97
249.69,217.55,270.68,269.14
NaN,NaN,NaN,NaN
NaN,NaN,NaN,NaN
NaN,NaN,NaN,NaN
NaN,NaN,NaN,NaN
NaN,NaN,NaN,NaN
NaN,NaN,NaN,NaN
NaN,NaN,NaN,NaN
NaN,NaN,NaN,NaN
NaN,NaN,NaN,NaN
NaN,NaN,NaN,NaN
NaN,NaN,NaN,NaN
NaN,NaN,NaN,NaN
NaN,NaN,NaN,NaN
NaN,NaN,NaN,NaN
NaN,NaN,NaN,NaN
NaN,NaN,NaN,NaN
NaN,NaN,NaN,NaN
NaN,NaN,NaN,NaN
NaN,NaN,NaN,NaN
NaN,NaN,NaN,NaN
NaN,NaN,NaN,NaN
NaN,NaN,NaN,NaN
NaN,NaN,NaN,NaN
NaN,NaN,NaN,NaN
NaN,NaN,NaN,NaN
NaN,NaN,NaN,NaN
NaN,NaN,NaN,NaN
NaN,NaN,NaN,NaN
NaN,NaN,NaN,NaN
NaN,NaN,NaN,NaN
NaN,NaN,NaN,NaN
NaN,NaN,NaN,NaN
NaN,NaN,NaN,NaN
NaN,NaN,NaN,NaN
NaN,NaN,NaN,NaN
NaN,NaN,NaN,NaN
NaN,NaN,NaN,NaN
NaN,NaN,NaN,NaN
NaN,NaN,NaN,NaN
NaN,NaN,NaN,NaN
NaN,NaN,NaN,NaN
NaN,NaN,NaN,NaN
NaN,NaN,NaN,NaN
NaN,NaN,NaN,NaN
NaN,NaN,NaN,NaN
NaN,NaN,NaN,NaN
NaN,NaN,NaN,NaN
NaN,NaN,NaN,NaN
NaN,NaN,NaN,NaN
NaN,NaN,NaN,NaN
NaN,NaN,NaN,NaN
NaN,NaN,NaN,NaN
NaN,NaN,NaN,NaN
NaN,NaN,NaN,NaN
NaN,NaN,NaN,NaN
NaN,NaN,NaN,NaN
NaN,NaN,NaN,NaN
NaN,NaN,NaN,NaN
NaN,NaN,NaN,NaN
NaN,NaN,NaN,NaN
NaN,NaN,NaN,NaN
NaN,NaN,NaN,NaN
NaN,NaN,NaN,NaN
NaN,NaN,NaN,NaN
NaN,NaN,NaN,NaN
NaN,NaN,NaN,NaN
72,199,94,253
71.139,193.09,93.049,246.87
81.164,187.44,103.28,241.72
81.225,185.87,103.27,239.98
85.379,178.36,107.55,232.76
93.442,181.47,115.62,235.9
92.851,177.72,115.06,232.22
99.94,171.81,122.1,226.19
103.61,169.63,125.97,224.5
106.95,164.23,129.31,219.1
114,160.37,136.37,215.25
114.26,158.67,136.59,213.46
122.1,154.12,144.43,208.91
124.17,154.64,146.51,209.44
128.68,151.13,151.03,205.95
134.74,149.92,157.1,204.77
135.59,150.24,157.86,204.89
144.32,147.54,166.51,201.98
146.25,149.37,168.46,203.86
148.81,147.58,170.86,201.7
157.49,147.17,179.38,200.9
157.47,148.4,179.2,201.76
165.82,146.18,187.41,199.19
166.68,148.33,188.16,201.1
167.24,146.19,188.82,199.19
173.1,145.97,194.49,198.52
171.09,146.68,192.46,199.16
174.95,143.12,196.36,195.71
177.21,144.14,198.73,196.99
176.64,142.54,198.24,195.59
181.57,140.1,203.14,193.07
179.94,140.74,201.59,193.9
182.02,137.23,203.83,190.79
185.3,136.84,207.25,190.71
184.6,135.68,206.53,189.5
187.99,133.42,210.02,187.49
189.63,133.69,211.73,187.93
190.49,132.91,212.45,186.83
194.57,130.82,216.72,185.18
194.92,131.16,217.08,185.56
197.19,130.13,219.45,184.76
198.5,129.51,220.71,184.02
202.39,128.69,224.45,182.84
203.35,128.18,225.33,182.13
205.89,127.29,227.74,180.93
208.26,125.4,230.13,179.07
209.62,124.86,231.27,178.02
210.6,123.35,232.27,176.57
211.17,122.46,232.77,175.5
208.24,122.14,229.64,174.71
210.09,121.21,231.37,173.48
205.17,122.58,226.26,174.39
205.02,120.91,225.94,172.32
200.36,122.45,221.16,173.6
197.02,120.69,217.81,171.79
195.97,121.46,216.64,172.29
190.97,122.13,211.69,173.07
188.52,121.24,209.21,172.12
184.94,121.9,205.57,172.62
182.21,120.68,202.72,171.09
178.18,122.04,198.74,172.61
174.03,120.72,194.55,171.19
172.2,120.28,192.75,170.83
166.04,120.45,186.54,170.86
164.19,119.18,184.62,169.42
159.87,120.52,180.31,170.78
154.28,119.72,174.64,169.82
154.5,120.05,174.8,169.99
144.76,121.69,165.01,171.51
144.7,120.7,164.96,170.54
139.3,123.56,159.53,173.33
134.17,122.57,154.42,172.38
133.24,124.06,153.47,173.82
124.95,124.72,145.11,174.34
123.38,124.08,143.45,173.46
118.91,125.35,139,174.8
114.92,125.17,135.02,174.61
113.74,126.97,133.69,176.07
111.34,127.14,131.07,175.72
110.57,127.85,130.26,176.33
107.51,128.38,127.28,177.05
108.62,129.45,128.31,177.92
108.62,129.45,128.31,177.92
108.62,129.45,128.31,177.92
101.5,134.59,121.1,182.86
98.48,135.73,118,183.81
95.437,139.21,114.85,187.03
95.208,139.32,114.78,187.51
93.182,141.51,112.87,189.98
90.551,141.66,110.25,190.14
89.988,142.38,109.68,190.87
86.805,143.54,106.53,192.11
85.774,145.18,105.45,193.63
82.979,145.93,102.69,194.46
83.971,146.94,103.69,195.49
88.417,148.07,108.16,196.67
95.336,149.69,115.03,198.17
99.721,151.24,119.41,199.71
106.7,152.69,126.31,200.97
115.2,155.01,134.82,203.31
120.85,155.68,140.44,203.91
127.44,158.88,146.89,206.79
133.96,160.41,153.55,208.65
142.97,162.73,162.5,210.83
150.2,164,169.69,211.99
159.92,165.29,179.31,213.05
166.63,168.26,185.93,215.8
174.7,168.04,193.96,215.51
180.61,170.99,199.89,218.49
178.39,172.02,197.64,219.43
179.77,171.84,198.9,218.98
175.99,175.34,195.11,222.47
169.81,175.25,188.76,221.95
168.55,176.79,187.43,223.32
156.45,180.72,175.35,227.31
150.91,179.55,169.61,225.64
144.69,181.91,163.42,228.11
136.02,182.75,154.69,228.79
130.13,183.46,149.04,230.08
120.96,184.11,139.93,230.88
116.58,183.89,135.73,231.07
105.4,185.77,124.76,233.47
103.92,183.73,123.33,231.54
102.12,186.44,121.66,234.56
93.866,187.16,113.39,235.23
99.203,185.13,118.73,233.21
93.387,187.83,112.93,235.96
93.858,186.19,113.36,234.22
95.555,188.26,115.09,236.37
90.244,187.56,109.68,235.43
94.096,186.53,113.64,234.66
90.608,189.38,110.12,237.44
90.34,186.88,109.79,234.8
90.734,188.91,110.22,236.89
86.265,189.36,105.53,236.81
89.107,187.82,108.48,235.54
85.735,190.21,105.16,238.04
85.848,187.9,105.21,235.6
86.159,189.7,105.48,237.28
81.583,189.18,100.88,236.71
85.442,188.11,104.7,235.56
81.129,189.96,100.4,237.44
84.154,186.83,103.37,234.16
88.118,187.77,107.33,235.1
85.161,187.36,104.23,234.34
91.851,184.88,110.87,231.75
92.727,186.4,111.67,233.08
97.836,182.33,116.8,229.07
103.66,183.25,122.53,229.76
103.58,181.64,122.37,227.97
112.14,178.94,131.05,225.54
112.29,180.22,131.24,226.92
118.06,176.96,137.1,223.87
122.35,176.21,141.56,223.56
123.71,174.07,142.95,221.47
130.79,172.22,150.02,219.61
131.62,171.76,150.88,219.2
136.21,167.6,155.51,215.14
141.16,167.03,160.47,214.58
142.02,164.65,161.3,212.14
148.91,162.66,168.23,210.25
150.91,162.06,170.25,209.69
155.18,159.61,174.39,206.92
159.44,158.77,178.7,206.2
159.44,158.77,178.7,206.2
167.56,155.09,186.82,202.54
170.35,155.14,189.49,202.3
174.1,152.89,193.21,199.99
179.35,152.39,198.56,199.73
178.19,151.73,197.42,199.11
178.97,148.75,198.18,196.08
178.97,148.75,198.18,196.08
174.19,146.01,193.31,193.13
174.7,147.05,193.68,193.83
166.79,147.19,185.77,193.98
