269.00,92.00,298.00,118.00,0.00
272.00,78.00,301.00,104.00,0.00
275.00,71.00,302.00,98.00,0.00
277.00,68.00,306.00,95.00,0.00
280.00,66.00,306.00,92.00,0.00
284.80,72.19,307.64,96.61,0.00
286.45,85.05,308.32,108.99,0.00
285.30,98.44,308.58,123.08,0.00
279.01,105.28,301.13,129.34,0.00
272.20,114.53,294.90,138.88,0.00
266.43,120.35,287.79,144.03,0.00
259.64,131.44,279.46,154.36,0.00
253.73,137.80,271.91,159.89,0.00
246.23,142.76,267.12,166.21,0.00
243.91,145.47,262.56,167.80,0.00
244.81,142.96,262.46,164.78,0.00
243.80,136.51,260.46,157.84,0.00
240.99,121.44,258.29,143.09,0.00
244.10,116.26,263.45,138.93,0.00
249.24,111.36,268.59,134.04,0.00
255.94,106.99,276.32,130.18,0.00
256.44,115.56,276.77,138.73,0.00
248.48,117.04,270.80,141.19,0.00
242.53,109.92,265.47,134.38,0.00
237.72,113.42,261.47,138.30,0.00
236.09,109.75,259.30,134.35,0.00
236.64,115.85,258.75,139.91,0.00
240.22,126.29,260.75,149.55,0.00
236.28,133.57,256.59,156.73,0.00
231.46,137.07,252.59,160.64,0.00
226.13,138.25,247.65,162.01,0.00
221.31,141.76,243.65,165.92,0.00
219.69,138.08,241.48,161.98,0.00
215.91,133.46,237.86,157.44,0.00
214.29,129.79,235.69,153.49,0.00
214.83,135.90,235.15,159.06,0.00
216.38,141.17,238.41,165.18,0.00
219.15,143.50,239.26,166.55,0.00
221.58,142.15,243.25,165.98,0.00
222.55,144.08,243.73,167.67,0.00
225.18,139.34,244.80,162.15,0.00
215.90,108.41,240.16,133.53,0.00
217.88,137.58,244.52,163.90,0.00
219.77,137.53,245.94,163.62,0.00
220.74,139.46,246.42,165.30,0.00
221.72,141.40,246.90,166.98,0.00
222.30,145.71,247.27,171.19,0.00
223.51,147.44,245.87,171.62,0.00
224.09,151.76,246.24,175.83,0.00
225.06,153.69,246.72,177.52,0.00
227.33,154.65,247.59,177.78,0.00
229.96,149.91,248.67,172.27,0.00
226.70,148.55,247.12,171.76,0.00
230.52,145.93,251.32,169.33,0.00
233.62,140.75,256.47,165.17,0.00
239.95,140.39,261.18,164.00,0.00
243.05,135.21,266.33,159.85,0.00
245.22,130.06,265.13,153.02,0.00
247.85,125.32,266.21,147.50,0.00
250.28,123.97,270.20,146.93,0.00
254.10,121.35,274.40,144.50,0.00
250.18,118.29,271.37,141.88,0.00
248.56,114.61,269.20,137.93,0.00
253.22,121.04,273.48,144.17,0.00
249.97,119.68,271.92,143.66,0.00
246.72,118.32,270.37,143.15,0.00
247.92,120.05,268.97,143.58,0.00
249.12,121.78,267.57,144.01,0.00
244.94,130.14,263.99,152.66,0.00
245.53,134.46,264.36,156.87,0.00
242.27,133.10,262.81,156.36,0.00
244.17,133.06,264.22,156.08,0.00
245.37,134.79,262.82,156.51,0.00
242.12,133.43,261.27,156.00,0.00
238.10,134.23,259.67,158.02,0.00
236.39,135.77,255.07,158.11,0.00
232.37,136.58,253.48,160.13,0.00
230.04,139.29,248.91,161.72,0.00
227.71,142.00,244.34,163.32,0.00
228.30,146.32,244.72,167.53,0.00
224.28,147.12,243.12,169.54,0.00
226.52,151.22,246.28,174.10,0.00
227.72,152.95,244.88,174.53,0.00
228.27,159.06,244.34,180.09,0.00
232.14,161.97,248.78,183.29,0.00
228.12,162.78,247.18,185.31,0.00
230.75,158.04,248.26,179.79,0.00
230.87,155.06,251.54,178.40,0.00
233.04,149.91,250.35,171.57,0.00
237.16,146.59,256.98,169.50,0.00
235.54,142.92,254.81,165.55,0.00
236.51,144.85,255.29,167.24,0.00
231.18,146.02,250.35,168.61,0.00
225.84,147.20,245.42,169.98,0.00
221.03,150.70,241.41,173.89,0.00
217.01,151.51,239.81,175.91,0.00
217.99,153.44,240.29,177.59,0.00
219.19,155.17,238.89,178.02,0.00
221.08,155.13,240.31,177.74,0.00
221.67,159.44,240.68,181.95,0.00
223.56,159.40,242.09,181.67,0.00
220.31,158.04,240.54,181.16,0.00
221.28,159.97,241.02,182.84,0.00
224.05,162.30,241.88,184.22,0.00
226.48,160.95,245.86,183.65,0.00
228.74,161.91,246.73,183.91,0.00
232.61,164.83,251.18,187.11,0.00
235.04,163.48,255.16,186.54,0.00
241.36,163.12,259.87,185.38,0.00
247.69,162.77,264.57,184.21,0.00
254.21,164.68,270.29,185.72,0.00
260.19,171.58,277.32,193.14,0.00
258.27,181.07,277.28,203.57,0.00
262.14,183.98,281.72,206.77,0.00
260.51,180.31,279.55,202.83,0.00
255.95,171.66,273.77,193.57,0.00
249.55,166.60,267.73,188.70,0.00
248.54,160.16,265.74,181.76,0.00
245.28,158.80,264.19,181.25,0.00
247.55,153.06,266.75,175.66,0.00
244.30,151.70,265.19,175.15,0.00
247.40,146.52,270.35,170.99,0.00
245.77,142.84,268.18,167.04,0.00
247.76,138.76,268.24,162.00,0.00
250.18,137.41,272.22,161.43,0.00
252.45,138.37,273.09,161.70,0.00
250.73,139.91,268.49,161.79,0.00
252.62,139.87,269.91,161.51,0.00
249.56,145.35,268.01,167.57,0.00
252.19,140.61,269.08,162.05,0.00
248.35,133.94,265.24,155.38,0.00
247.90,122.50,264.50,143.80,0.00
246.68,117.21,265.96,139.85,0.00
249.31,112.47,267.04,134.34,0.00
245.02,106.19,264.81,129.08,0.00
248.84,103.57,269.01,126.65,0.00
250.05,105.30,267.61,127.08,0.00
252.28,109.39,270.77,131.64,0.00
253.25,111.32,271.25,133.32,0.00
251.63,107.65,269.08,129.38,0.00
254.73,102.47,274.23,125.22,0.00
253.10,98.80,272.06,121.27,0.00
259.42,91.68,277.57,113.75,0.00
262.52,86.50,282.72,109.59,0.00
264.95,85.15,286.70,109.02,0.00
267.72,87.48,287.56,110.40,0.00
269.98,88.44,288.43,110.66,0.00
264.65,89.61,283.50,112.03,0.00
265.24,93.93,283.87,116.24,0.00
259.56,94.54,278.92,117.22,0.00
260.14,98.85,279.29,121.43,0.00
257.81,101.57,274.72,123.02,0.00
256.92,106.02,273.00,127.06,0.00
255.71,106.85,273.58,128.79,0.00
252.46,105.50,272.03,128.28,0.00
254.89,104.15,276.01,127.71,0.00
251.64,102.79,274.46,127.20,0.00
259.48,106.58,280.60,130.14,0.00
262.25,108.91,281.45,131.51,0.00
260.62,105.24,279.28,127.56,0.00
262.89,106.20,280.15,127.83,0.00
264.78,106.15,281.57,127.55,0.00
266.72,110.38,283.34,131.69,0.00
267.69,112.31,283.82,133.38,0.00
266.49,113.14,284.40,135.10,0.00
267.46,115.07,284.88,136.78,0.00
268.44,117.01,285.36,138.47,0.00
265.18,115.65,283.81,137.96,0.00
269.00,113.02,288.01,135.52,0.00
272.82,110.39,292.21,133.09,0.00
270.23,107.86,292.32,131.91,0.00
273.34,102.68,297.47,127.75,0.00
277.97,103.22,301.34,127.91,0.00
280.39,101.87,305.32,127.34,0.00
282.28,101.83,306.74,127.06,0.00
283.26,103.76,307.22,128.74,0.00
283.84,108.08,307.59,132.95,0.00
285.05,109.81,306.19,133.38,0.00
283.42,106.14,304.02,129.43,0.00
280.17,104.78,302.46,128.93,0.00
282.06,104.73,303.88,128.64,0.00
280.43,101.06,301.71,124.70,0.00
284.25,98.43,305.91,122.26,0.00
286.43,93.29,304.72,115.43,0.00
289.20,95.62,305.58,116.80,0.00
285.95,94.26,304.02,116.30,0.00
292.27,93.90,308.73,115.13,0.00
285.73,93.49,306.89,117.08,0.00
286.27,99.60,306.35,122.64,0.00
286.86,103.92,306.72,126.85,0.00
283.79,109.39,304.82,132.90,0.00
281.46,112.10,300.25,134.50,0.00
282.01,118.21,299.71,140.06,0.00
282.51,126.79,300.16,148.61,0.00
283.01,135.36,300.60,157.16,0.00
286.88,138.28,305.05,160.37,0.00
283.63,136.92,303.50,159.86,0.00
280.38,135.56,301.94,159.35,0.00
282.55,130.42,300.75,152.52,0.00
280.92,126.74,298.58,148.57,0.00
279.91,120.30,296.59,141.64,0.00
276.08,113.63,292.74,134.96,0.00
278.50,112.28,296.73,134.39,0.00
279.48,114.21,297.21,136.08,0.00
275.46,115.02,295.61,138.09,0.00
272.21,113.66,294.06,137.58,0.00
274.64,112.31,298.04,137.01,0.00
275.22,116.63,298.41,141.22,0.00
277.11,116.59,299.83,140.94,0.00
278.09,118.52,300.31,142.63,0.00
278.67,122.83,300.68,146.84,0.00
279.26,127.15,301.05,151.05,0.00
281.15,127.11,302.47,150.76,0.00
280.14,120.66,300.47,143.83,0.00
279.13,114.22,298.48,136.90,0.00
281.56,112.87,302.47,136.33,0.00
276.74,116.38,298.46,140.24,0.00
278.79,120.44,298.93,143.51,0.00
274.74,119.30,293.73,141.80,0.00
268.33,114.25,287.69,136.93,0.00
268.92,118.57,288.06,141.14,0.00
265.00,115.51,285.03,138.52,0.00
270.14,110.61,290.17,133.63,0.00
274.77,111.15,294.04,133.78,0.00
277.01,115.25,297.20,138.34,0.00
279.78,117.58,298.06,139.72,0.00
275.76,118.38,296.46,141.73,0.00
276.35,122.70,296.83,145.94,0.00
272.33,123.51,295.23,147.95,0.00
273.31,125.44,295.71,149.64,0.00
271.59,126.97,291.11,149.73,0.00
268.34,125.62,289.56,149.23,0.00
263.97,124.71,282.73,147.09,0.00
264.95,126.64,283.21,148.78,0.00
260.93,127.45,281.61,150.79,0.00
262.82,127.41,283.03,150.51,0.00
259.57,126.05,281.48,150.00,0.00
261.46,126.01,282.89,149.72,0.00
258.21,124.65,281.34,149.21,0.00
262.08,127.56,285.79,152.42,0.00
264.35,128.52,286.66,152.68,0.00
266.61,129.48,287.54,152.95,0.00
263.36,128.12,285.98,152.44,0.00
263.98,130.72,286.34,154.90,0.00
259.61,129.82,279.51,152.77,0.00
256.36,128.46,277.96,152.26,0.00
260.18,125.83,282.17,149.83,0.00
256.16,126.64,280.57,151.84,0.00
258.59,125.29,284.55,151.27,0.00
256.97,121.61,282.38,147.32,0.00
258.86,121.57,283.80,147.04,0.00
257.23,117.90,281.63,143.10,0.00
259.12,117.85,283.04,142.82,0.00
257.50,114.18,280.87,138.87,0.00
256.34,115.36,280.23,140.31,0.00
258.23,115.32,281.65,140.03,0.00
254.98,113.96,280.09,139.52,0.00
256.18,115.69,278.69,139.95,0.00
252.26,112.63,275.67,137.33,0.00
254.52,113.59,276.54,137.59,0.00
255.11,117.90,276.91,141.80,0.00
257.00,117.86,278.33,141.52,0.00
258.89,117.82,279.74,141.24,0.00
257.27,114.14,277.57,137.30,0.00
256.34,114.54,278.37,138.55,0.00
259.11,116.87,279.22,139.92,0.00
260.31,118.60,277.82,140.35,0.00
257.83,123.82,279.90,147.85,0.00
258.37,129.93,279.35,153.42,0.00
264.09,135.50,282.43,157.67,0.00
260.07,136.30,280.84,159.68,0.00
258.45,132.63,278.67,155.74,0.00
256.82,128.96,276.49,151.79,0.00
259.45,124.22,277.57,146.28,0.00
255.44,125.02,275.97,148.29,0.00
260.07,125.56,279.84,148.45,0.00
256.81,124.20,278.29,147.94,0.00
255.19,120.53,276.12,144.00,0.00
248.78,115.48,270.08,139.12,0.00
250.96,110.33,268.88,132.29,0.00
253.59,105.59,269.96,126.78,0.00
257.41,102.97,274.16,124.34,0.00
259.64,107.06,277.33,128.90,0.00
261.87,111.16,280.49,133.47,0.00
262.46,115.47,280.86,137.67,0.00
260.28,117.08,276.45,138.17,0.00
262.71,115.73,280.43,137.60,0.00
258.87,109.06,276.59,130.92,0.00
261.30,107.72,280.57,130.35,0.00
262.27,109.65,281.05,132.04,0.00
263.47,111.38,279.65,132.47,0.00
262.27,112.21,280.23,134.19,0.00
259.01,110.85,278.67,133.68,0.00
nan,nan,nan,nan,nan
265.56,110.46,283.60,132.48,0.00
266.10,116.34,283.06,137.81,0.00
264.52,127.60,283.14,149.91,0.00
265.06,133.48,282.59,155.24,0.00
260.25,136.84,278.59,159.01,0.00
260.83,140.98,278.96,163.05,0.00
256.02,144.34,274.96,166.81,0.00
252.76,143.02,273.40,166.34,0.00
255.19,141.71,277.39,165.81,0.00
251.94,140.39,275.84,165.34,0.00
254.71,142.64,276.69,166.63,0.00
250.79,139.70,273.66,164.13,0.00
255.93,135.00,278.80,159.43,0.00
252.68,133.68,277.25,158.96,0.00
257.31,134.20,281.12,159.11,0.00
259.20,134.16,282.53,158.83,0.00
261.09,134.13,283.95,158.56,0.00
262.98,134.09,285.37,158.28,0.00
nan,nan,nan,nan,nan
265.18,128.94,284.19,151.45,0.00
261.30,118.81,281.03,141.68,0.00
263.19,118.77,282.45,141.40,0.00
267.86,125.20,286.72,147.63,0.00
262.18,125.81,281.77,148.60,0.00
258.92,124.45,280.22,148.10,0.00
260.82,124.41,281.63,147.82,0.00
256.77,123.27,276.44,146.10,0.00
259.87,118.09,281.59,141.95,0.00
162.96,114.49,184.54,138.28,0.00
78.27,90.72,103.86,116.52,0.00
75.94,93.44,99.30,118.12,0.00
71.97,99.99,96.71,125.36,0.00
70.55,108.72,94.84,133.87,0.00
63.73,117.97,88.62,143.41,0.00
64.32,122.28,88.99,147.62,0.00
89.53,50.90,114.15,76.21,0.00
56.27,115.41,78.86,139.70,0.00
63.19,114.61,87.81,139.93,0.00
65.08,114.57,89.23,139.65,0.00
61.16,111.51,86.20,137.03,0.00
64.98,108.88,90.40,134.59,0.00
61.14,102.22,86.56,127.92,0.00
55.81,103.39,81.62,129.29,0.00
61.52,107.00,88.67,133.58,0.00
66.32,113.19,90.31,138.18,0.00
58.37,114.66,84.34,140.65,0.00
54.35,115.47,82.74,142.66,0.00
56.24,115.42,84.16,142.38,0.00
57.22,117.35,84.64,144.06,0.00
nan,nan,nan,nan,nan
158.21,131.62,182.07,156.55,0.00
159.18,133.48,182.55,158.16,0.00
116.94,117.14,137.30,140.31,0.00
164.87,138.99,186.36,162.74,0.00
166.57,130.71,190.03,155.44,0.00
176.32,126.87,201.35,152.38,0.00
177.53,128.55,199.95,152.76,0.00
179.79,129.49,200.82,153.01,0.00
167.72,133.97,186.52,156.37,0.00
223.78,131.82,242.00,153.93,0.00
271.34,190.01,289.26,211.97,0.00
275.50,221.34,293.23,243.20,0.00
285.96,214.22,304.77,236.63,0.00
338.76,251.41,355.53,272.79,0.00
383.57,243.25,400.24,264.58,0.00
376.63,243.18,392.67,264.19,0.00
279.68,247.06,296.15,268.29,0.00
355.50,302.03,374.21,324.39,0.00
372.87,387.49,391.97,410.04,0.00
430.89,399.14,448.49,420.93,0.00
473.31,321.61,493.09,344.49,0.00
462.80,253.49,481.41,275.79,0.00
465.07,254.42,482.28,276.03,0.00
477.93,321.94,494.35,343.15,0.00
506.63,300.12,523.76,321.69,0.00
487.24,267.02,503.34,288.07,0.00
493.54,271.43,512.76,294.04,0.00
nan,nan,nan,nan,nan
nan,nan,nan,nan,nan
nan,nan,nan,nan,nan
nan,nan,nan,nan,nan
559.48,273.76,577.49,295.76,0.00
509.47,280.88,526.21,302.25,0.00
nan,nan,nan,nan,nan
478.82,286.50,496.53,308.36,0.00
552.80,243.89,570.55,265.76,0.00
581.01,257.93,599.33,280.09,0.00
556.24,295.28,576.09,318.20,0.00
619.04,270.85,638.00,293.33,0.00
nan,nan,nan,nan,nan
559.36,297.31,578.09,319.67,0.00
453.38,258.89,474.41,282.40,0.00
459.10,281.42,480.98,305.36,0.00
512.04,306.14,538.37,332.30,0.00
571.63,306.30,599.69,333.33,0.00
531.03,316.13,560.98,344.10,0.00
480.87,276.37,512.70,305.29,0.00
423.66,284.70,449.73,310.73,0.00
452.64,248.54,479.93,275.18,0.00
469.62,245.57,495.66,271.59,0.00
422.29,219.38,448.78,245.63,0.00
365.08,227.70,385.82,251.07,0.00
371.79,230.71,395.25,255.44,0.00
301.10,242.49,326.07,267.97,0.00
312.48,247.13,337.16,272.47,0.00
248.75,225.74,273.04,250.88,0.00
241.57,257.86,264.38,282.27,0.00
246.68,246.45,268.38,270.30,0.00
229.59,261.58,250.49,285.03,0.00
270.84,268.97,288.17,290.63,0.00
245.18,252.98,261.55,274.16,0.00
237.69,257.72,256.75,280.25,0.00
236.68,251.54,254.76,273.58,0.00
