267,87,36,34
271,74,36,34
272,69,36,34
275,66,36,34
277,63,36,34
280,70,36,34
281,79,36,34
279,94,36,34
274,102,36,34
267,109,36,34
260,117,36,34
253,126,36,34
246,132,36,34
241,138,36,34
236,139,36,34
234,136,36,34
232,128,36,34
232,116,36,34
234,110,36,34
240,105,36,34
248,102,36,34
250,109,36,34
241,111,36,34
235,105,36,34
231,109,36,34
230,103,36,34
231,111,36,34
232,119,36,34
229,127,36,34
223,130,36,34
219,134,36,34
216,137,36,34
212,132,36,34
210,129,36,34
209,125,36,34
209,131,36,34
211,135,36,34
212,137,36,34
215,135,36,34
217,138,36,34
216,134,36,34
214,132,36,34
215,132,36,34
215,133,36,34
216,134,36,34
216,136,36,34
217,140,36,34
218,143,36,34
218,145,36,34
219,147,36,34
220,148,36,34
220,146,36,34
222,142,36,34
225,138,36,34
228,136,36,34
233,134,36,34
236,131,36,34
238,123,36,34
239,117,36,34
243,117,36,34
244,114,36,34
243,112,36,34
244,110,36,34
245,114,36,34
246,114,36,34
244,113,36,34
242,114,36,34
240,117,36,34
239,123,36,34
238,127,36,34
237,127,36,34
236,126,36,34
236,127,36,34
235,128,36,34
231,128,36,34
227,129,36,34
225,130,36,34
222,133,36,34
220,136,36,34
219,139,36,34
219,140,36,34
218,143,36,34
219,149,36,34
221,151,36,34
221,154,36,34
222,155,36,34
222,153,36,34
224,148,36,34
227,142,36,34
229,139,36,34
229,137,36,34
227,138,36,34
223,140,36,34
218,142,36,34
215,144,36,34
212,147,36,34
212,148,36,34
212,148,36,34
212,149,36,34
212,152,36,34
213,152,36,34
213,152,36,34
212,154,36,34
215,156,36,34
217,155,36,34
220,154,36,34
223,158,36,34
227,157,36,34
233,155,36,34
237,154,36,34
243,158,36,34
246,165,36,34
249,173,36,34
250,175,36,34
249,171,36,34
243,164,36,34
238,160,36,34
236,154,36,34
235,151,36,34
233,146,36,34
233,144,36,34
235,140,36,34
237,135,36,34
238,130,36,34
238,128,36,34
240,131,36,34
240,131,36,34
239,134,36,34
239,136,36,34
238,135,36,34
235,125,36,34
234,116,36,34
234,111,36,34
235,104,36,34
235,98,36,34
236,94,36,34
238,97,36,34
239,101,36,34
238,102,36,34
239,99,36,34
239,93,36,34
241,89,36,34
245,84,36,34
248,77,36,34
251,74,36,34
252,76,36,34
253,78,36,34
252,80,36,34
249,82,36,34
246,84,36,34
244,86,36,34
243,89,36,34
242,94,36,34
240,95,36,34
241,94,36,34
241,92,36,34
243,92,36,34
246,94,36,34
249,96,36,34
250,95,36,34
251,95,36,34
252,95,36,34
253,97,36,34
253,99,36,34
253,101,36,34
254,102,36,34
254,103,36,34
254,102,36,34
255,100,36,34
257,97,36,34
260,94,36,34
263,92,36,34
266,90,36,34
269,89,36,34
271,90,36,34
273,93,36,34
273,95,36,34
273,97,36,34
270,94,36,34
268,92,36,34
269,92,36,34
270,88,36,34
271,84,36,34
271,81,36,34
271,79,36,34
273,78,36,34
273,79,36,34
272,80,36,34
271,85,36,34
271,91,36,34
270,96,36,34
267,98,36,34
266,103,36,34
268,113,36,34
269,121,36,34
269,124,36,34
268,123,36,34
267,122,36,34
266,118,36,34
266,112,36,34
263,105,36,34
261,99,36,34
260,98,36,34
259,100,36,34
258,100,36,34
257,98,36,34
258,99,36,34
260,102,36,34
262,103,36,34
261,104,36,34
262,108,36,34
265,113,36,34
265,113,36,34
264,107,36,34
263,99,36,34
264,98,36,34
265,102,36,34
261,107,36,34
256,104,36,34
252,103,36,34
252,104,36,34
252,100,36,34
253,96,36,34
257,97,36,34
260,101,36,34
261,103,36,34
261,106,36,34
261,108,36,34
259,109,36,34
257,111,36,34
255,113,36,34
251,112,36,34
248,110,36,34
246,112,36,34
246,114,36,34
245,112,36,34
245,110,36,34
244,110,36,34
245,111,36,34
247,113,36,34
249,114,36,34
248,112,36,34
248,113,36,34
247,115,36,34
245,114,36,34
243,112,36,34
244,110,36,34
244,111,36,34
245,111,36,34
245,108,36,34
245,106,36,34
246,102,36,34
245,100,36,34
246,99,36,34
245,101,36,34
245,100,36,34
241,100,36,34
240,99,36,34
241,97,36,34
240,99,36,34
241,101,36,34
242,101,36,34
242,101,36,34
242,99,36,34
242,97,36,34
243,100,36,34
245,104,36,34
245,108,36,34
245,114,36,34
246,119,36,34
247,121,36,34
246,118,36,34
245,114,36,34
245,109,36,34
245,107,36,34
246,110,36,34
242,109,36,34
241,103,36,34
241,100,36,34
241,95,36,34
242,90,36,34
246,87,36,34
248,90,36,34
250,95,36,34
251,98,36,34
253,101,36,34
253,100,36,34
253,95,36,34
255,93,36,34
256,96,36,34
258,97,36,34
258,96,36,34
258,95,36,34
250,92,36,34
260,93,36,34
262,100,36,34
265,112,36,34
264,119,36,34
262,122,36,34
260,125,36,34
259,128,36,34
258,128,36,34
257,126,36,34
259,125,36,34
259,127,36,34
260,124,36,34
260,120,36,34
262,119,36,34
265,120,36,34
267,120,36,34
269,119,36,34
270,119,36,34
275,97,36,34
272,112,36,34
272,106,36,34
274,106,36,34
276,110,36,34
276,112,36,34
274,110,36,34
272,110,36,34
271,109,36,34
272,105,36,34
273,99,36,34
273,96,36,34
274,97,36,34
275,104,36,34
273,114,36,34
270,123,36,34
268,127,36,34
268,126,36,34
250,142,36,34
266,123,36,34
274,118,36,34
277,117,36,34
280,112,36,34
280,110,36,34
282,109,36,34
284,114,36,34
285,118,36,34
285,120,36,34
285,120,36,34
285,122,36,34
287,123,36,34
289,121,36,34
290,115,36,34
292,116,36,34
296,119,36,34
298,120,36,34
296,118,36,34
299,94,36,34
298,114,36,34
302,115,36,34
304,116,36,34
306,115,36,34
307,113,36,34
309,117,36,34
312,123,36,34
310,118,36,34
310,114,36,34
313,118,36,34
316,121,36,34
317,115,36,34
317,111,36,34
321,112,36,34
328,118,36,34
332,117,36,34
335,117,36,34
340,119,36,34
344,95,36,34
347,119,36,34
348,120,36,34
351,118,36,34
352,118,36,34
352,118,36,34
354,121,36,34
356,122,36,34
358,117,36,34
362,114,36,34
369,119,36,34
376,126,36,34
382,129,36,34
388,130,36,34
396,134,36,34
404,136,36,34
412,138,36,34
420,136,36,34
430,138,36,34
440,143,36,34
449,141,36,34
460,137,36,34
474,135,36,34
492,130,36,34
511,125,36,34
534,121,36,34
558,125,36,34
582,128,36,34
567,109,36,34
588,112,36,34
564,111,36,34
588,105,36,34
593,81,36,34
602,89,36,34
590,94,36,34
572,82,36,34
579,87,36,34
589,85,36,34
600,76,36,34
577,68,36,34
558,52,36,34
569,41,36,34
580,60,36,34
589,67,36,34
601,68,36,34
580,55,36,34
583,36,36,34
596,35,36,34
600,18,36,34
584,37,36,34
597,56,36,34
585,45,36,34
566,46,36,34
573,47,36,34
581,49,36,34
589,38,36,34
602,32,36,34
602,56,36,34
590,60,36,34
579,38,36,34
593,31,36,34
570,24,36,34
578,22,36,34
585,26,36,34
593,27,36,34
599,44,36,34
575,47,36,34
586,50,36,34
599,52,36,34
585,72,36,34
590,76,36,34
593,60,36,34
599,62,36,34
586,49,36,34
597,46,36,34
598,22,36,34
574,16,36,34
594,2,36,34
574,8,36,34
589,0,36,34
580,23,36,34
579,25,36,34
593,22,36,34
600,17,36,34
576,13,36,34
587,20,36,34
598,17,36,34
602,19,36,34
594,15,36,34
602,11,36,34
589,5,36,34
583,23,36,34
590,37,36,34
596,34,36,34
595,10,36,34
602,6,36,34
592,0,36,34
602,0,36,34
602,0,36,34
586,0,36,34
597,0,36,34
602,0,36,34
602,0,36,34
595,0,36,34
602,0,36,34
602,2,36,34
578,0,36,34
566,12,36,34
573,8,36,34
580,3,36,34
590,0,36,34
586,0,36,34
565,6,36,34
573,2,36,34
581,0,36,34
588,0,36,34
597,0,36,34
602,0,36,34
602,0,36,34
578,0,36,34
588,0,36,34
598,0,36,34
602,2,36,34
581,0,36,34
562,16,36,34
567,7,36,34
573,3,36,34
579,3,36,34
588,0,36,34
594,0,36,34
602,0,36,34
599,0,36,34
602,0,36,34
