52.00,95.00,91.00,124.00,0.00
53.00,95.00,91.00,124.00,0.00
53.00,95.00,94.00,125.00,0.00
55.00,96.00,96.00,126.00,0.00
54.00,96.00,96.00,126.00,0.00
56.01,96.02,97.30,125.66,0.00
58.02,96.03,98.59,125.32,0.00
56.53,95.76,102.09,127.54,0.00
59.14,96.89,102.62,127.63,0.00
61.15,96.91,103.92,127.29,0.00
62.24,98.90,104.27,128.91,0.00
64.25,98.92,105.57,128.57,0.00
60.58,97.34,104.44,128.28,0.00
62.43,99.40,102.39,128.38,0.00
57.81,99.90,101.40,130.70,0.00
59.82,99.92,102.69,130.36,0.00
56.14,98.35,101.57,130.06,0.00
57.24,100.34,101.92,131.68,0.00
53.57,98.77,100.79,131.39,0.00
55.42,100.83,98.74,131.49,0.00
58.03,101.96,99.27,131.58,0.00
54.35,100.39,98.14,131.29,0.00
56.96,101.52,98.67,131.38,0.00
59.57,102.65,99.20,131.47,0.00
62.18,103.79,99.73,131.56,0.00
64.19,103.80,101.02,131.22,0.00
66.20,103.82,102.32,130.88,0.00
68.24,102.28,106.69,130.51,0.00
73.06,102.91,110.37,130.57,0.00
79.78,104.92,115.89,131.98,0.00
81.82,103.38,120.26,131.60,0.00
84.43,104.51,120.79,131.70,0.00
87.03,105.65,121.32,131.79,0.00
83.36,104.08,120.19,131.49,0.00
85.37,104.09,121.49,131.15,0.00
87.98,105.22,122.01,131.24,0.00
89.99,105.24,123.31,130.90,0.00
91.08,107.23,123.67,132.53,0.00
87.41,105.66,122.54,132.23,0.00
92.23,106.30,126.22,132.29,0.00
94.24,106.32,127.51,131.95,0.00
96.25,106.33,128.81,131.61,0.00
92.66,107.25,129.72,134.78,0.00
97.48,107.88,133.40,134.84,0.00
99.49,107.90,134.69,134.50,0.00
101.50,107.92,135.99,134.16,0.00
97.82,106.34,134.86,133.87,0.00
99.86,104.80,139.24,133.49,0.00
101.89,103.26,143.61,133.12,0.00
103.75,105.31,141.56,133.22,0.00
106.76,100.59,139.53,125.97,0.00
108.78,100.60,140.82,125.63,0.00
110.05,98.40,143.42,124.08,0.00
108.56,94.79,141.11,120.07,0.00
110.60,93.25,145.48,119.69,0.00
112.61,93.27,146.78,119.35,0.00
108.93,91.69,145.65,119.05,0.00
110.94,91.71,146.95,118.71,0.00
113.55,92.84,147.48,118.81,0.00
115.56,92.86,148.77,118.47,0.00
116.66,94.85,149.13,120.09,0.00
119.74,95.30,152.61,120.73,0.00
121.75,95.31,153.91,120.39,0.00
120.10,95.92,154.93,122.34,0.00
122.11,95.94,156.23,122.00,0.00
124.12,95.95,157.53,121.66,0.00
126.13,95.97,158.82,121.32,0.00
126.24,94.14,159.23,119.63,0.00
127.33,96.13,159.58,121.26,0.00
125.68,96.74,160.61,123.20,0.00
127.72,95.19,164.98,122.83,0.00
129.56,95.74,163.21,121.56,0.00
131.57,95.76,164.50,121.22,0.00
133.58,95.78,165.80,120.88,0.00
131.93,96.38,166.83,122.83,0.00
136.75,97.02,170.50,122.89,0.00
138.76,97.03,171.80,122.55,0.00
135.08,95.46,170.67,122.26,0.00
138.34,98.03,171.05,123.39,0.00
140.37,96.49,175.42,123.01,0.00
141.47,98.48,175.78,124.64,0.00
143.48,98.50,177.07,124.30,0.00
139.80,96.93,175.95,124.00,0.00
142.41,98.06,176.47,124.09,0.00
143.51,100.05,176.83,125.71,0.00
145.55,98.51,181.20,125.34,0.00
148.16,99.64,181.73,125.43,0.00
150.17,99.66,183.03,125.09,0.00
152.18,99.68,184.32,124.75,0.00
150.53,100.28,185.35,126.69,0.00
152.54,100.30,186.64,126.35,0.00
154.55,100.32,187.94,126.01,0.00
152.76,99.05,187.76,125.55,0.00
154.77,99.07,189.06,125.21,0.00
156.78,99.09,190.35,124.87,0.00
153.11,97.51,189.23,124.57,0.00
156.84,100.36,193.81,127.85,0.00
158.85,100.38,195.11,127.51,0.00
160.86,100.39,196.41,127.17,0.00
163.47,101.52,196.94,127.26,0.00
165.48,101.54,198.23,126.92,0.00
167.49,101.56,199.53,126.58,0.00
165.83,102.16,200.55,128.53,0.00
167.84,102.18,201.85,128.19,0.00
169.85,102.20,203.15,127.85,0.00
170.95,104.19,203.50,129.47,0.00
167.27,102.62,202.38,129.17,0.00
172.09,103.26,206.05,129.23,0.00
173.29,103.06,207.28,129.06,0.00
168.67,103.56,206.29,131.37,0.00
170.68,103.58,207.58,131.03,0.00
172.53,105.63,205.53,131.13,0.00
174.54,105.65,206.83,130.79,0.00
172.89,106.26,207.85,132.74,0.00
174.90,106.27,209.15,132.40,0.00
177.51,107.41,209.68,132.49,0.00
172.89,107.91,208.68,134.81,0.00
173.99,109.90,209.04,136.43,0.00
175.09,111.90,209.39,138.05,0.00
177.69,113.03,209.92,138.14,0.00
181.20,115.30,215.47,141.43,0.00
177.43,114.30,209.99,139.58,0.00
181.16,117.15,214.57,142.85,0.00
182.26,119.14,214.93,144.47,0.00
nan,nan,nan,nan,nan
nan,nan,nan,nan,nan
nan,nan,nan,nan,nan
nan,nan,nan,nan,nan
nan,nan,nan,nan,nan
177.66,111.14,210.31,136.47,0.00
175.96,111.90,211.29,138.56,0.00
178.75,113.08,212.00,138.70,0.00
174.88,111.47,210.68,138.37,0.00
176.01,113.46,211.07,139.99,0.00
174.52,109.86,208.76,135.98,0.00
177.13,110.99,209.29,136.07,0.00
173.45,109.42,208.16,135.78,0.00
174.55,111.41,208.51,137.40,0.00
180.82,119.18,213.52,144.52,0.00
174.72,111.98,208.35,137.79,0.00
179.48,118.45,212.53,143.98,0.00
174.86,118.96,211.53,146.29,0.00
171.18,117.39,210.41,146.00,0.00
173.20,117.40,211.71,145.66,0.00
175.05,119.46,209.65,145.76,0.00
171.37,117.89,208.53,145.46,0.00
172.47,119.88,208.88,147.09,0.00
171.48,121.78,203.56,146.82,0.00
168.30,119.83,202.83,146.09,0.00
169.40,121.82,203.19,147.71,0.00
163.30,120.73,199.40,147.78,0.00
165.31,120.75,200.70,147.44,0.00
160.69,121.25,199.70,149.76,0.00
162.55,123.31,197.65,149.86,0.00
158.87,121.74,196.53,149.57,0.00
160.88,121.76,197.82,149.23,0.00
159.89,123.65,192.50,148.96,0.00
156.21,122.08,191.38,148.67,0.00
152.53,120.51,190.25,148.37,0.00
151.04,116.91,187.94,144.36,0.00
153.65,118.04,188.47,144.45,0.00
149.97,116.47,187.34,144.15,0.00
148.49,112.86,185.04,140.14,0.00
144.35,109.69,182.23,137.63,0.00
142.58,112.68,177.11,138.95,0.00
145.59,108.14,177.80,133.24,0.00
143.94,108.74,178.82,135.18,0.00
142.45,105.14,176.51,131.17,0.00
138.69,104.14,171.03,129.31,0.00
134.55,100.97,168.23,126.81,0.00
136.56,100.99,169.52,126.47,0.00
132.88,99.41,168.40,126.17,0.00
129.20,97.84,167.27,125.88,0.00
125.53,96.27,166.14,125.58,0.00
127.54,96.29,167.44,125.24,0.00
123.86,94.72,166.32,124.95,0.00
125.71,96.77,164.26,125.05,0.00
122.04,95.20,163.14,124.75,0.00
123.89,97.26,161.09,124.86,0.00
122.40,93.65,158.78,120.84,0.00
123.50,95.65,159.14,122.46,0.00
119.82,94.07,158.01,122.17,0.00
116.06,93.08,152.53,120.31,0.00
118.07,93.10,153.82,119.97,0.00
113.45,93.60,152.83,122.29,0.00
109.77,92.03,151.70,121.99,0.00
113.02,94.60,152.08,123.13,0.00
111.53,90.99,149.77,119.11,0.00
113.54,91.01,151.07,118.77,0.00
107.68,91.53,146.30,119.84,0.00
109.54,93.58,144.25,119.94,0.00
105.86,92.01,143.12,119.65,0.00
107.87,92.03,144.42,119.31,0.00
104.19,90.46,143.30,119.01,0.00
98.33,90.98,138.53,120.07,0.00
100.34,90.99,139.83,119.73,0.00
95.72,91.50,138.83,122.05,0.00
92.04,89.92,137.70,121.75,0.00
93.90,91.98,135.65,121.86,0.00
90.13,90.98,130.17,120.00,0.00
92.14,91.00,131.47,119.66,0.00
88.47,89.43,130.34,119.37,0.00
90.32,91.49,128.29,119.47,0.00
86.64,89.91,127.17,119.18,0.00
88.65,89.93,128.46,118.84,0.00
84.98,88.36,127.34,118.54,0.00
81.30,86.79,126.21,118.24,0.00
83.31,86.81,127.51,117.90,0.00
79.63,85.23,126.38,117.61,0.00
82.88,87.80,126.76,118.74,0.00
81.39,84.20,124.45,114.73,0.00
83.25,86.25,122.40,114.83,0.00
79.57,84.68,121.27,114.53,0.00
81.42,86.74,119.22,114.64,0.00
79.93,83.13,116.91,110.62,0.00
81.79,85.19,114.86,110.73,0.00
82.89,87.18,115.22,112.35,0.00
78.75,84.01,112.41,109.84,0.00
75.07,82.44,111.29,109.55,0.00
76.92,84.49,109.24,109.65,0.00
73.24,82.92,108.11,109.35,0.00
75.26,82.94,109.41,109.01,0.00
71.58,81.37,108.28,108.72,0.00
67.90,79.80,107.15,108.42,0.00
69.75,81.85,105.10,108.53,0.00
66.08,80.28,103.98,108.23,0.00
68.09,80.30,105.27,107.89,0.00
69.94,82.35,103.22,107.99,0.00
68.45,78.75,100.92,103.98,0.00
67.49,79.09,102.47,105.58,0.00
70.10,80.22,102.99,105.67,0.00
66.42,78.65,101.87,105.37,0.00
69.03,79.78,102.39,105.46,0.00
65.36,78.21,101.27,105.17,0.00
67.37,78.23,102.56,104.83,0.00
63.23,75.06,99.76,102.32,0.00
65.84,76.19,100.29,102.41,0.00
62.16,74.62,99.16,102.12,0.00
64.77,75.75,99.69,102.21,0.00
60.63,72.58,96.88,99.70,0.00
62.48,74.63,94.83,99.81,0.00
58.34,71.46,92.03,97.30,0.00
60.35,71.48,93.32,96.96,0.00
56.67,69.91,92.20,96.67,0.00
59.28,71.04,92.72,96.76,0.00
55.61,69.47,91.60,96.46,0.00
57.46,71.52,89.55,96.57,0.00
55.81,72.13,90.57,98.51,0.00
54.32,68.52,88.26,94.50,0.00
55.42,70.52,88.62,96.12,0.00
57.43,70.53,89.91,95.78,0.00
53.75,68.96,88.79,95.48,0.00
56.36,70.10,89.31,95.57,0.00
52.68,68.52,88.19,95.28,0.00
55.29,69.66,88.72,95.37,0.00
57.30,69.67,90.01,95.03,0.00
53.62,68.10,88.89,94.73,0.00
56.23,69.24,89.41,94.83,0.00
52.55,67.66,88.29,94.53,0.00
55.16,68.80,88.81,94.62,0.00
54.40,62.48,86.58,87.57,0.00
52.75,63.08,87.60,89.51,0.00
48.13,63.59,86.61,91.83,0.00
50.74,64.72,87.13,91.92,0.00
52.59,66.78,85.08,92.02,0.00
50.92,63.93,85.34,90.14,0.00
52.01,65.92,85.70,91.77,0.00
54.02,65.94,86.99,91.43,0.00
52.53,62.33,84.69,87.41,0.00
50.88,62.94,85.71,89.36,0.00
51.98,64.93,86.07,90.98,0.00
50.49,61.33,83.76,86.96,0.00
51.13,65.67,84.08,91.15,0.00
49.64,62.07,81.77,87.13,0.00
48.76,68.56,82.61,94.48,0.00
50.78,68.57,83.91,94.14,0.00
47.10,67.00,82.78,93.84,0.00
49.11,67.02,84.08,93.50,0.00
51.12,67.03,85.37,93.16,0.00
47.44,65.46,84.25,92.87,0.00
49.30,67.52,82.20,92.97,0.00
51.31,67.53,83.49,92.63,0.00
50.26,64.92,83.67,90.63,0.00
48.37,59.30,85.79,87.01,0.00
51.62,61.87,86.16,88.14,0.00
47.00,62.37,85.17,90.46,0.00
49.01,62.39,86.47,90.12,0.00
45.33,60.82,85.34,89.82,0.00
47.34,60.83,86.64,89.48,0.00
48.44,62.83,86.99,91.10,0.00
47.67,56.51,84.76,84.05,0.00
48.77,58.50,85.11,85.67,0.00
50.62,60.55,83.06,85.77,0.00
48.97,61.16,84.08,87.72,0.00
50.07,63.15,84.44,89.34,0.00
48.58,59.55,82.13,85.32,0.00
50.58,63.53,85.53,90.00,0.00
49.82,57.21,83.29,82.94,0.00
50.91,59.20,83.64,84.57,0.00
47.31,57.12,85.02,84.98,0.00
49.32,57.14,86.32,84.64,0.00
51.18,59.20,84.26,84.74,0.00
50.80,47.79,83.46,73.12,0.00
51.31,56.38,83.89,81.67,0.00
49.66,56.98,84.92,83.61,0.00
49.28,45.58,84.11,71.99,0.00
51.89,46.71,84.64,72.08,0.00
51.58,44.85,83.95,70.04,0.00
49.34,46.04,81.75,71.25,0.00
47.69,46.65,82.78,73.19,0.00
46.20,43.04,80.47,69.18,0.00
48.81,44.17,81.00,69.27,0.00
45.13,42.60,79.87,68.97,0.00
46.23,44.60,80.23,70.59,0.00
44.74,40.99,77.92,66.58,0.00
43.09,41.60,78.94,68.52,0.00
44.18,43.59,79.30,70.15,0.00
42.69,39.98,76.99,66.13,0.00
43.79,41.98,77.35,67.75,0.00
44.89,43.97,77.70,69.38,0.00
43.59,42.23,76.31,67.59,0.00
39.92,40.66,75.19,67.29,0.00
41.93,40.67,76.48,66.95,0.00
44.54,41.80,77.01,67.04,0.00
40.40,38.63,74.20,64.54,0.00
38.16,39.82,72.01,65.75,0.00
40.17,39.84,73.30,65.41,0.00
36.50,38.27,72.18,65.11,0.00
38.51,38.28,73.47,64.77,0.00
39.60,40.28,73.83,66.39,0.00
38.25,37.23,70.33,62.27,0.00
36.01,38.42,68.14,63.48,0.00
41.78,40.88,74.35,66.17,0.00
35.28,35.79,68.40,61.34,0.00
37.29,39.77,71.79,66.02,0.00
33.52,38.77,66.31,64.17,0.00
35.53,38.79,67.61,63.83,0.00
31.86,37.22,66.48,63.53,0.00
34.46,38.35,67.01,63.62,0.00
35.01,40.14,67.28,65.28,0.00
33.35,40.75,68.31,67.22,0.00
34.45,42.74,68.66,68.84,0.00
35.55,44.73,69.01,70.47,0.00
31.71,38.07,65.17,63.79,0.00
34.85,41.61,68.44,67.41,0.00
30.71,38.44,65.64,64.90,0.00
33.96,41.01,66.01,66.03,0.00
30.43,40.80,62.56,65.87,0.00
28.78,41.41,63.59,67.82,0.00
31.38,42.54,64.11,67.91,0.00
29.37,39.38,64.02,65.71,0.00
30.01,43.73,64.34,69.89,0.00
32.02,43.74,65.64,69.55,0.00
27.40,44.25,64.65,71.87,0.00
29.41,44.26,65.94,71.53,0.00
25.73,42.69,64.82,71.23,0.00
28.34,43.82,65.34,71.32,0.00
30.20,45.88,63.29,71.43,0.00
26.52,44.31,62.17,71.13,0.00
29.84,43.51,62.59,68.89,0.00
30.38,45.30,62.86,70.54,0.00
28.41,43.57,61.32,69.02,0.00
30.42,43.58,62.61,68.68,0.00
28.18,44.77,60.41,69.89,0.00
26.59,45.70,60.30,71.55,0.00
28.60,45.71,61.60,71.21,0.00
33.37,45.07,65.46,70.12,0.00
31.13,46.26,63.26,71.33,0.00
24.26,54.07,56.63,79.26,0.00
32.24,44.51,65.93,70.35,0.00
28.56,42.94,64.80,70.06,0.00
30.42,44.99,62.75,70.16,0.00
32.45,43.45,67.12,69.78,0.00
27.83,43.95,66.13,72.10,0.00
30.44,45.09,66.66,72.19,0.00
26.77,43.52,65.53,71.90,0.00
29.38,44.65,66.06,71.99,0.00
25.70,43.08,64.93,71.69,0.00
26.80,45.07,65.28,73.31,0.00
26.11,49.63,63.35,77.26,0.00
24.48,51.52,58.38,77.47,0.00
22.59,45.89,60.50,73.85,0.00
24.60,45.91,61.80,73.51,0.00
26.61,45.93,63.10,73.17,0.00
28.46,47.98,61.05,73.27,0.00
25.10,52.74,61.68,80.03,0.00
27.11,52.76,62.97,79.69,0.00
23.43,51.19,61.85,79.40,0.00
26.04,52.32,62.37,79.49,0.00
27.90,54.38,60.32,79.59,0.00
26.24,54.99,61.35,81.54,0.00
28.25,55.00,62.65,81.20,0.00
26.90,51.95,59.15,77.08,0.00
27.56,54.82,60.30,80.19,0.00
27.36,53.40,63.32,80.38,0.00
29.21,55.45,61.27,80.48,0.00
27.20,52.29,61.18,78.28,0.00
25.55,52.90,62.21,80.23,0.00
26.64,54.89,62.56,81.85,0.00
28.00,54.38,61.97,80.37,0.00
26.35,54.99,62.99,82.31,0.00
28.36,55.01,64.29,81.97,0.00
30.21,57.06,62.24,82.08,0.00
26.27,44.73,60.83,71.01,0.00
26.47,44.47,62.69,71.58,0.00
28.32,46.52,60.64,71.68,0.00
24.65,44.95,59.51,71.39,0.00
27.25,46.09,60.04,71.48,0.00
27.15,45.04,63.04,71.99,0.00
22.53,45.55,62.05,74.31,0.00
26.63,44.86,63.66,72.37,0.00
26.65,44.06,64.17,71.82,0.00
22.03,44.57,63.18,74.14,0.00
24.04,44.58,64.47,73.80,0.00
19.42,45.08,63.48,76.12,0.00
22.74,44.29,63.90,73.87,0.00
24.75,44.31,65.20,73.53,0.00
28.21,45.29,62.11,71.24,0.00
26.56,45.90,63.13,73.19,0.00
27.31,45.62,63.22,72.57,0.00
23.63,44.04,62.09,72.27,0.00
25.64,44.06,63.39,71.93,0.00
28.25,45.19,63.91,72.03,0.00
24.57,43.62,62.79,71.73,0.00
27.18,44.76,63.31,71.82,0.00
29.03,46.81,61.26,71.93,0.00
25.36,45.24,60.14,71.63,0.00
27.37,45.26,61.43,71.29,0.00
29.38,45.27,62.73,70.95,0.00
25.70,43.70,61.60,70.65,0.00
26.80,45.70,61.96,72.28,0.00
28.81,45.71,63.26,71.94,0.00
25.13,44.14,62.13,71.64,0.00
27.74,45.27,62.66,71.73,0.00
31.06,44.48,63.08,69.49,0.00
29.48,45.40,62.97,71.15,0.00
25.80,43.83,61.84,70.85,0.00
27.81,43.85,63.14,70.51,0.00
28.91,45.84,63.50,72.14,0.00
25.23,44.27,62.37,71.84,0.00
27.24,44.29,63.67,71.50,0.00
29.09,46.34,61.62,71.60,0.00
25.42,44.77,60.49,71.31,0.00
27.43,44.79,61.79,70.97,0.00
25.68,45.21,63.23,72.98,0.00
22.00,43.64,62.10,72.69,0.00
23.97,43.28,64.06,72.32,0.00
25.82,45.33,62.01,72.42,0.00
27.83,45.35,63.30,72.08,0.00
26.21,47.24,58.33,72.30,0.00
28.25,45.69,62.70,71.92,0.00
23.63,46.20,61.71,74.24,0.00
25.48,48.25,59.66,74.34,0.00
28.47,45.44,61.50,70.95,0.00
26.24,46.63,59.30,72.16,0.00
28.27,45.09,63.67,71.78,0.00
26.65,46.97,58.70,72.00,0.00
28.69,45.43,63.07,71.62,0.00
25.28,45.13,60.31,71.64,0.00
27.29,45.14,61.60,71.30,0.00
25.64,45.75,62.63,73.24,0.00
21.96,44.18,61.50,72.95,0.00
23.97,44.19,62.80,72.61,0.00
25.83,46.25,60.75,72.71,0.00
29.15,45.46,61.17,70.47,0.00
26.47,46.51,60.69,72.62,0.00
28.48,46.53,61.98,72.28,0.00
24.80,44.96,60.86,71.98,0.00
26.81,44.97,62.15,71.64,0.00
23.14,43.40,61.03,71.35,0.00
25.75,44.54,61.55,71.44,0.00
26.84,46.53,61.91,73.06,0.00
23.17,44.96,60.78,72.77,0.00
26.42,47.53,61.16,73.90,0.00
22.74,45.96,60.03,73.60,0.00
26.06,45.16,60.45,71.36,0.00
27.41,46.65,60.07,71.98,0.00
25.39,43.48,59.98,69.78,0.00
146.00,73.15,181.00,119.15,0.00
147.10,75.14,181.35,120.77,0.00
149.71,76.28,181.88,120.86,0.00
148.85,75.36,183.07,120.97,0.00
144.71,72.19,180.27,118.47,0.00
145.81,74.18,180.62,120.09,0.00
148.41,75.31,181.15,120.18,0.00
144.74,73.74,180.02,119.88,0.00
146.75,73.76,181.32,119.54,0.00
147.85,75.75,181.68,121.17,0.00
144.17,74.18,180.55,120.87,0.00
147.42,76.75,180.92,122.00,0.00
149.43,76.77,182.22,121.66,0.00
145.29,73.59,179.42,119.16,0.00
147.90,74.73,179.94,119.25,0.00
145.66,75.92,177.74,120.46,0.00
145.67,75.49,178.03,120.17,0.00
144.02,76.09,179.05,122.11,0.00
145.12,78.09,179.41,123.73,0.00
147.16,76.54,183.78,123.36,0.00
143.02,73.37,180.98,120.85,0.00
145.03,73.39,182.27,120.51,0.00
146.88,75.44,180.22,120.61,0.00
147.98,77.44,180.58,122.24,0.00
144.30,75.87,179.45,121.94,0.00
146.34,74.32,183.83,121.56,0.00
141.72,74.82,182.83,123.88,0.00
144.97,77.40,183.21,125.01,0.00
143.48,73.79,180.90,121.00,0.00
145.49,73.81,182.20,120.66,0.00
146.59,75.80,182.55,122.28,0.00
148.44,77.85,180.50,122.38,0.00
146.79,78.46,181.53,124.33,0.00
148.80,78.48,182.82,123.99,0.00
145.12,76.91,181.70,123.69,0.00
147.73,78.04,182.22,123.78,0.00
148.83,80.03,182.58,125.41,0.00
144.69,76.86,179.77,122.90,0.00
146.70,76.88,181.07,122.56,0.00
147.80,78.87,181.42,124.18,0.00
149.81,78.89,182.72,123.84,0.00
150.91,80.88,183.08,125.46,0.00
147.23,79.31,181.95,125.17,0.00
149.24,79.32,183.25,124.83,0.00
145.56,77.75,182.12,124.53,0.00
147.57,77.77,183.42,124.19,0.00
150.18,78.90,183.94,124.28,0.00
151.28,80.90,184.30,125.91,0.00
152.38,82.89,184.65,127.53,0.00
151.14,76.56,184.11,121.55,0.00
151.78,80.90,184.43,125.73,0.00
151.80,75.29,183.92,119.85,0.00
150.15,75.90,184.94,121.80,0.00
151.25,77.89,185.30,123.42,0.00
152.06,84.14,184.48,128.84,0.00
148.01,73.92,181.50,119.16,0.00
149.10,75.91,181.85,120.78,0.00
151.11,75.93,183.15,120.44,0.00
147.75,80.69,183.78,127.20,0.00
150.77,76.15,184.47,121.50,0.00
151.41,80.49,184.79,125.68,0.00
149.51,74.86,186.91,122.06,0.00
151.37,76.92,184.86,122.17,0.00
152.47,78.91,185.22,123.79,0.00
154.48,78.93,186.51,123.45,0.00
167.64,130.15,201.19,175.42,0.00
169.65,130.16,202.49,175.08,0.00
170.75,132.16,202.84,176.70,0.00
167.07,130.58,201.72,176.40,0.00
169.08,130.60,203.01,176.06,0.00
165.41,129.03,201.89,175.77,0.00
167.42,129.05,203.18,175.43,0.00
168.51,131.04,203.54,177.05,0.00
164.84,129.47,202.41,176.76,0.00
167.45,130.60,202.94,176.85,0.00
170.05,131.73,203.46,176.94,0.00
166.38,130.16,202.34,176.64,0.00
168.99,131.30,202.87,176.74,0.00
165.31,129.73,201.74,176.44,0.00
167.32,129.74,203.04,176.10,0.00
170.57,132.31,203.41,177.23,0.00
167.49,130.10,200.66,175.18,0.00
169.50,130.12,201.95,174.84,0.00
164.88,130.62,200.96,177.16,0.00
167.49,131.75,201.49,177.25,0.00
169.50,131.77,202.78,176.91,0.00
165.82,130.20,201.66,176.61,0.00
168.43,131.33,202.18,176.71,0.00
164.76,129.76,201.06,176.41,0.00
166.77,129.78,202.35,176.07,0.00
168.78,129.79,203.65,175.73,0.00
164.16,130.30,202.66,178.05,0.00
166.17,130.31,203.95,177.71,0.00
162.49,128.74,202.83,177.41,0.00
165.10,129.87,203.35,177.50,0.00
167.11,129.89,204.65,177.16,0.00
163.43,128.32,203.53,176.87,0.00
166.04,129.45,204.05,176.96,0.00
167.90,131.51,202.00,177.06,0.00
169.91,131.53,203.30,176.72,0.00
166.23,129.95,202.17,176.43,0.00
168.24,129.97,203.47,176.09,0.00
164.56,128.40,202.34,175.79,0.00
167.17,129.53,202.87,175.88,0.00
168.27,131.53,203.22,177.50,0.00
164.59,129.95,202.10,177.21,0.00
166.60,129.97,203.39,176.87,0.00
169.21,131.10,203.92,176.96,0.00
165.53,129.53,202.80,176.66,0.00
167.54,129.55,204.09,176.32,0.00
163.87,127.98,202.97,176.03,0.00
166.48,129.11,203.49,176.12,0.00
167.57,131.11,203.85,177.74,0.00
163.90,129.53,202.72,177.45,0.00
165.91,129.55,204.02,177.11,0.00
167.76,131.61,201.97,177.21,0.00
169.77,131.62,203.26,176.87,0.00
166.09,130.05,202.14,176.57,0.00
168.10,130.07,203.44,176.23,0.00
170.11,130.08,204.73,175.89,0.00
165.97,126.91,201.93,173.39,0.00
167.98,126.93,203.22,173.05,0.00
168.62,131.27,203.54,177.23,0.00
164.95,129.70,202.42,176.93,0.00
167.56,130.83,202.94,177.03,0.00
170.16,131.97,203.47,177.12,0.00
168.67,128.36,201.16,173.10,0.00
167.02,128.97,202.19,175.05,0.00
169.03,128.98,203.48,174.71,0.00
164.41,129.49,202.49,177.03,0.00
166.42,129.50,203.79,176.69,0.00
167.52,131.50,204.14,178.31,0.00
166.76,125.18,201.90,171.25,0.00
167.39,129.52,202.22,175.43,0.00
170.00,130.65,202.75,175.53,0.00
165.38,131.16,201.76,177.84,0.00
167.39,131.17,203.05,177.50,0.00
163.72,129.60,201.93,177.21,0.00
165.73,129.62,203.22,176.87,0.00
167.74,129.63,204.52,176.53,0.00
168.84,131.63,204.87,178.15,0.00
165.16,130.06,203.75,177.85,0.00
167.77,131.19,204.28,177.94,0.00
164.09,129.62,203.15,177.65,0.00
166.10,129.64,204.45,177.31,0.00
164.61,126.03,202.14,173.29,0.00
167.86,128.60,202.51,174.43,0.00
169.87,128.62,203.81,174.09,0.00
165.25,129.12,202.82,176.40,0.00
168.50,131.69,203.19,177.53,0.00
167.01,128.08,200.89,173.52,0.00
168.11,130.08,201.24,175.14,0.00
170.12,130.09,202.54,174.80,0.00
166.44,128.52,201.41,174.51,0.00
168.45,128.54,202.71,174.17,0.00
169.55,130.53,203.06,175.79,0.00
164.93,131.04,202.07,178.10,0.00
162.35,129.43,207.52,180.52,0.00
164.20,131.49,205.47,180.62,0.00
166.21,131.51,206.77,180.28,0.00
164.72,127.90,204.46,176.27,0.00
167.33,129.03,204.99,176.36,0.00
162.71,129.54,203.99,178.68,0.00
165.32,130.67,204.52,178.77,0.00
167.33,130.69,205.82,178.43,0.00
163.65,129.12,204.69,178.13,0.00
166.26,130.25,205.22,178.23,0.00
168.12,132.30,203.17,178.33,0.00
164.44,130.73,202.04,178.03,0.00
166.48,129.19,206.42,177.66,0.00
162.80,127.62,205.29,177.36,0.00
164.65,129.67,203.24,177.47,0.00
166.67,129.69,204.54,177.13,0.00
162.99,128.12,203.41,176.83,0.00
164.09,130.11,203.76,178.45,0.00
166.10,130.13,205.06,178.11,0.00
162.42,128.56,203.93,177.82,0.00
165.03,129.69,204.46,177.91,0.00
164.96,128.28,205.01,176.80,0.00
166.06,130.27,205.36,178.42,0.00
162.38,128.70,204.24,178.13,0.00
165.63,131.27,204.61,179.26,0.00
164.14,127.67,202.31,175.25,0.00
165.24,129.66,202.66,176.87,0.00
166.34,131.65,203.01,178.49,0.00
168.35,131.67,204.31,178.15,0.00
164.67,130.10,203.18,177.85,0.00
166.68,130.11,204.48,177.51,0.00
163.00,128.54,203.36,177.22,0.00
165.01,128.56,204.65,176.88,0.00
166.11,130.55,205.01,178.50,0.00
162.43,128.98,203.88,178.20,0.00
164.44,129.00,205.18,177.86,0.00
166.45,129.01,206.47,177.52,0.00
162.78,127.44,205.35,177.23,0.00
164.63,129.50,203.30,177.33,0.00
166.64,129.52,204.59,176.99,0.00
162.96,127.94,203.47,176.70,0.00
165.57,129.08,204.00,176.79,0.00
167.43,131.13,201.94,176.89,0.00
163.75,129.56,200.82,176.60,0.00
165.79,128.02,205.19,176.22,0.00
161.17,128.52,204.20,178.54,0.00
163.18,128.54,205.49,178.20,0.00
165.19,128.55,206.79,177.86,0.00
186.15,84.25,222.15,136.25,0.00
186.86,85.73,222.26,137.43,0.00
182.24,86.23,221.26,139.75,0.00
184.25,86.25,222.56,139.41,0.00
185.35,88.24,222.92,141.03,0.00
186.45,90.24,223.27,142.65,0.00
184.96,86.63,220.96,138.64,0.00
184.59,84.93,222.18,137.72,0.00
185.68,86.92,222.54,139.35,0.00
187.54,88.97,220.49,139.45,0.00
183.86,87.40,219.36,139.15,0.00
185.87,87.42,220.66,138.81,0.00
186.97,89.41,221.01,140.43,0.00
184.94,89.98,223.00,143.01,0.00
183.45,86.38,220.69,139.00,0.00
174.00,89.75,213.00,138.75,0.00
184.98,92.09,222.33,140.27,0.00
187.59,93.23,222.86,140.36,0.00
183.91,91.66,221.73,140.07,0.00
186.52,92.79,222.26,140.16,0.00
182.38,89.62,219.45,137.65,0.00
184.39,89.63,220.75,137.31,0.00
186.40,89.65,222.05,136.97,0.00
187.50,91.64,222.40,138.60,0.00
183.82,90.07,221.28,138.30,0.00
186.43,91.20,221.80,138.39,0.00
187.53,93.20,222.16,140.01,0.00
183.85,91.63,221.03,139.72,0.00
186.46,92.76,221.56,139.81,0.00
182.32,89.59,218.75,137.30,0.00
186.10,93.09,220.61,139.84,0.00
184.61,89.48,218.31,135.83,0.00
185.71,91.47,218.66,137.45,0.00
187.72,91.49,219.96,137.11,0.00
183.58,88.32,217.15,134.60,0.00
185.59,88.33,218.45,134.26,0.00
187.57,92.58,220.18,138.39,0.00
183.90,91.01,219.06,138.09,0.00
187.15,93.58,219.43,139.22,0.00
185.25,87.96,221.55,135.61,0.00
183.63,89.84,216.58,135.82,0.00
185.64,89.86,217.88,135.48,0.00
187.64,93.84,221.27,140.15,0.00
183.96,92.27,220.15,139.86,0.00
185.82,94.32,218.09,139.96,0.00
186.99,89.90,219.72,135.76,0.00
183.31,88.33,218.59,135.46,0.00
184.41,90.32,218.94,137.08,0.00
186.42,90.33,220.24,136.74,0.00
181.80,90.84,219.25,139.06,0.00
183.81,90.85,220.54,138.72,0.00
185.67,92.91,218.49,138.82,0.00
187.68,92.93,219.79,138.48,0.00
184.00,91.36,218.66,138.19,0.00
185.10,93.35,219.02,139.81,0.00
187.11,93.37,220.32,139.47,0.00
185.62,89.76,218.01,135.46,0.00
183.97,90.37,219.03,137.40,0.00
185.98,90.38,220.33,137.06,0.00
186.61,94.73,220.65,141.24,0.00
185.12,91.12,218.34,137.23,0.00
181.45,89.55,217.21,136.93,0.00
186.27,90.18,220.89,137.00,0.00
181.65,90.69,219.90,139.31,0.00
183.50,92.74,217.85,139.42,0.00
185.51,92.76,219.14,139.08,0.00
181.83,91.19,218.02,138.78,0.00
183.84,91.21,219.31,138.44,0.00
179.23,91.71,218.32,140.76,0.00
181.26,90.17,222.69,140.38,0.00
183.27,90.18,223.99,140.04,0.00
177.41,90.70,219.22,141.11,0.00
180.02,91.83,219.75,141.20,0.00
182.06,90.29,224.13,140.82,0.00
181.07,92.19,218.80,140.56,0.00
183.08,92.21,220.10,140.22,0.00
185.09,92.22,221.40,139.88,0.00
181.41,90.65,220.27,139.58,0.00
183.42,90.67,221.57,139.24,0.00
177.99,91.79,216.73,140.66,0.00
181.48,88.15,223.99,138.91,0.00
183.34,90.21,221.94,139.01,0.00
182.34,92.11,216.62,138.75,0.00
184.35,92.13,217.92,138.41,0.00
185.45,94.12,218.27,140.03,0.00
181.77,92.55,217.15,139.73,0.00
186.59,93.18,220.82,139.80,0.00
185.10,89.58,218.52,135.78,0.00
186.22,94.30,218.53,139.95,0.00
182.55,92.73,217.40,139.65,0.00
186.27,90.05,221.70,137.27,0.00
184.50,93.04,216.58,138.58,0.00
186.54,91.50,220.95,138.21,0.00
181.92,92.00,219.96,140.52,0.00
183.93,92.02,221.26,140.18,0.00
186.95,87.48,221.95,134.48,0.00
188.04,89.47,222.30,136.10,0.00
183.42,89.97,221.31,138.41,0.00
185.28,92.03,219.26,138.52,0.00
187.29,92.04,220.55,138.18,0.00
183.61,90.47,219.43,137.88,0.00
185.62,90.49,220.72,137.54,0.00
187.63,90.51,222.02,137.20,0.00
188.73,92.50,222.38,138.82,0.00
182.70,94.93,215.53,140.85,0.00
186.42,92.26,219.83,138.46,0.00
188.43,92.27,221.12,138.12,0.00
183.00,93.40,216.29,139.54,0.00
189.45,93.66,221.79,139.33,0.00
184.83,94.17,220.79,141.65,0.00
183.34,90.56,218.48,137.63,0.00
186.59,93.13,218.86,138.77,0.00
182.92,91.56,217.73,138.47,0.00
184.95,90.02,222.11,138.09,0.00
179.94,93.42,218.30,142.11,0.00
181.95,93.44,219.60,141.77,0.00
183.96,93.46,220.90,141.43,0.00
179.82,90.28,218.09,138.92,0.00
183.07,92.85,218.47,140.05,0.00
185.08,92.87,219.77,139.71,0.00
180.46,93.37,218.77,142.03,0.00
184.18,90.70,223.07,139.64,0.00
179.56,91.20,222.08,141.96,0.00
181.57,91.22,223.37,141.62,0.00
177.90,89.65,222.25,141.32,0.00
179.75,91.70,220.20,141.43,0.00
181.76,91.72,221.49,141.09,0.00
183.77,91.74,222.79,140.75,0.00
182.78,93.63,217.47,140.48,0.00
184.79,93.65,218.77,140.14,0.00
181.11,92.08,217.64,139.85,0.00
182.21,94.07,218.00,141.47,0.00
184.25,92.53,222.37,141.09,0.00
179.63,93.03,221.38,143.41,0.00
182.64,88.49,222.07,137.70,0.00
183.74,90.48,222.42,139.32,0.00
181.97,93.47,217.30,140.64,0.00
184.01,91.93,221.67,140.26,0.00
183.02,93.83,216.35,140.00,0.00
182.24,91.91,218.97,139.78,0.00
184.27,90.37,223.34,139.40,0.00
182.51,93.36,218.21,140.72,0.00
184.52,93.38,219.51,140.38,0.00
185.40,92.41,218.11,138.26,0.00
180.78,92.91,217.11,140.58,0.00
184.50,90.24,221.41,138.19,0.00
186.36,92.29,219.36,138.30,0.00
181.74,92.80,218.37,140.61,0.00
183.75,92.81,219.67,140.27,0.00
179.13,93.32,218.67,142.59,0.00
182.85,90.64,222.97,140.20,0.00
184.70,92.70,220.92,140.31,0.00
180.08,93.20,219.93,142.62,0.00
183.81,90.53,224.23,140.24,0.00
182.81,92.43,218.91,139.97,0.00
184.83,92.44,220.20,139.63,0.00
181.15,90.87,219.08,139.34,0.00
182.25,92.86,219.43,140.96,0.00
184.26,92.88,220.73,140.62,0.00
180.58,91.31,219.60,140.32,0.00
183.19,92.44,220.13,140.41,0.00
185.20,92.46,221.43,140.07,0.00
179.77,93.58,216.59,141.49,0.00
181.80,92.04,220.96,141.12,0.00
183.81,92.06,222.26,140.78,0.00
179.20,92.56,221.26,143.09,0.00
181.05,94.62,219.21,143.20,0.00
184.77,91.94,223.51,140.81,0.00
181.01,92.38,218.84,140.79,0.00
183.02,92.40,220.13,140.45,0.00
178.40,92.90,219.14,142.77,0.00
180.44,91.36,223.51,142.39,0.00
179.45,93.26,218.19,142.13,0.00
181.46,93.27,219.49,141.79,0.00
185.18,90.60,223.79,139.40,0.00
180.56,91.10,222.80,141.72,0.00
179.57,93.00,217.47,141.45,0.00
182.18,94.13,218.00,141.55,0.00
184.19,94.15,219.30,141.21,0.00
186.22,92.61,223.67,140.83,0.00
180.79,93.73,218.83,142.25,0.00
185.42,93.72,219.10,140.06,0.00
187.44,93.74,220.40,139.72,0.00
182.00,94.86,215.56,141.14,0.00
184.04,93.32,219.94,140.76,0.00
186.05,93.33,221.23,140.42,0.00
180.62,94.46,216.39,141.85,0.00
186.09,91.24,222.81,139.10,0.00
184.32,94.23,217.68,140.41,0.00
186.33,94.25,218.98,140.07,0.00
181.71,94.75,217.99,142.39,0.00
183.72,94.77,219.28,142.05,0.00
179.10,95.27,218.29,144.36,0.00
184.24,90.37,223.43,139.47,0.00
186.85,91.51,223.96,139.56,0.00
188.70,93.56,221.90,139.67,0.00
181.61,92.80,219.02,141.00,0.00
183.62,92.81,220.32,140.66,0.00
185.63,92.83,221.62,140.32,0.00
187.64,92.85,222.92,139.98,0.00
183.96,91.27,221.79,139.69,0.00
185.82,93.33,219.74,139.79,0.00
187.83,93.35,221.04,139.45,0.00
184.15,91.78,219.91,139.15,0.00
187.40,94.35,220.28,140.29,0.00
183.72,92.77,219.16,139.99,0.00
186.33,93.91,219.68,140.08,0.00
181.71,94.41,218.69,142.40,0.00
183.72,94.43,219.99,142.06,0.00
185.73,94.44,221.28,141.72,0.00
187.74,94.46,222.58,141.38,0.00
184.07,92.89,221.46,141.08,0.00
179.45,93.39,220.46,143.40,0.00
181.46,93.41,221.76,143.06,0.00
180.47,95.31,216.44,142.79,0.00
187.19,95.15,220.74,141.43,0.00
183.52,93.58,219.61,141.13,0.00
185.56,92.04,223.99,140.75,0.00
179.69,92.56,219.22,141.82,0.00
186.42,92.40,223.52,140.45,0.00
182.75,90.83,222.39,140.16,0.00
184.60,92.89,220.34,140.26,0.00
186.61,92.90,221.64,139.92,0.00
188.62,92.92,222.93,139.58,0.00
184.00,93.42,221.94,141.89,0.00
186.01,93.44,223.24,141.55,0.00
182.33,91.87,222.11,141.26,0.00
184.34,91.89,223.41,140.92,0.00
186.20,93.94,221.36,141.02,0.00
182.52,92.37,220.23,140.73,0.00
184.53,92.39,221.53,140.39,0.00
186.54,92.40,222.83,140.05,0.00
181.92,92.91,221.83,142.36,0.00
178.25,91.34,220.70,142.07,0.00
180.26,91.35,222.00,141.73,0.00
182.86,92.49,222.53,141.82,0.00
185.47,93.62,223.06,141.91,0.00
181.80,92.05,221.93,141.61,0.00
183.65,94.10,219.88,141.72,0.00
185.66,94.12,221.18,141.38,0.00
187.67,94.14,222.47,141.04,0.00
183.99,92.57,221.35,140.74,0.00
186.00,92.58,222.64,140.40,0.00
187.86,94.64,220.59,140.51,0.00
184.18,93.07,219.47,140.21,0.00
186.19,93.08,220.76,139.87,0.00
188.20,93.10,222.06,139.53,0.00
183.58,93.60,221.07,141.85,0.00
185.44,95.66,219.02,141.95,0.00
187.45,95.68,220.31,141.61,0.00
183.77,94.10,219.19,141.31,0.00
185.78,94.12,220.48,140.97,0.00
182.10,92.55,219.36,140.68,0.00
184.11,92.57,220.65,140.34,0.00
186.12,92.58,221.95,140.00,0.00
181.50,93.09,220.96,142.31,0.00
183.51,93.10,222.25,141.97,0.00
185.52,93.12,223.55,141.63,0.00
181.85,91.55,222.42,141.34,0.00
183.70,93.60,220.37,141.44,0.00
186.31,94.74,220.90,141.53,0.00
182.63,93.17,219.77,141.24,0.00
185.24,94.30,220.30,141.33,0.00
187.25,94.32,221.60,140.99,0.00
183.57,92.74,220.47,140.69,0.00
185.43,94.80,218.42,140.80,0.00
187.44,94.82,219.72,140.46,0.00
183.76,93.25,218.59,140.16,0.00
185.77,93.26,219.89,139.82,0.00
187.78,93.28,221.19,139.48,0.00
182.35,94.40,216.35,140.90,0.00
187.17,95.04,220.02,140.97,0.00
183.49,93.47,218.90,140.67,0.00
186.10,94.60,219.43,140.76,0.00
182.43,93.03,218.30,140.47,0.00
184.44,93.05,219.60,140.13,0.00
187.04,94.18,220.12,140.22,0.00
183.37,92.61,219.00,139.92,0.00
185.38,92.62,220.29,139.58,0.00
187.99,93.76,220.82,139.67,0.00
184.31,92.19,219.69,139.38,0.00
186.92,93.32,220.22,139.47,0.00
188.93,93.34,221.52,139.13,0.00
184.31,93.84,220.52,141.45,0.00
186.32,93.86,221.82,141.11,0.00
182.64,92.28,220.69,140.81,0.00
185.25,93.42,221.22,140.90,0.00
187.26,93.43,222.52,140.56,0.00
183.59,91.86,221.39,140.27,0.00
185.44,93.92,219.34,140.37,0.00
187.48,92.38,223.72,139.99,0.00
185.85,94.26,218.74,140.21,0.00
187.86,94.28,220.04,139.87,0.00
185.63,95.47,217.84,141.08,0.00
188.06,91.80,221.66,138.10,0.00
183.44,92.30,220.66,140.42,0.00
185.45,92.32,221.96,140.08,0.00
188.06,93.45,222.49,140.17,0.00
184.38,91.88,221.36,139.87,0.00
186.24,93.94,219.31,139.97,0.00
182.56,92.37,218.18,139.68,0.00
185.17,93.50,218.71,139.77,0.00
187.18,93.52,220.01,139.43,0.00
183.50,91.95,218.88,139.13,0.00
185.51,91.96,220.18,138.79,0.00
187.52,91.98,221.48,138.45,0.00
188.62,93.97,221.83,140.08,0.00
184.94,92.40,220.70,139.78,0.00
186.95,92.42,222.00,139.44,0.00
182.34,92.92,221.01,141.76,0.00
186.45,94.73,221.70,141.86,0.00
182.77,93.16,220.58,141.56,0.00
184.78,93.17,221.87,141.22,0.00
186.79,93.19,223.17,140.88,0.00
185.80,95.09,217.85,140.62,0.00
187.41,93.80,221.57,140.38,0.00
183.74,92.23,220.44,140.08,0.00
185.75,92.25,221.74,139.74,0.00
187.60,94.30,219.69,139.85,0.00
183.92,92.73,218.56,139.55,0.00
185.93,92.75,219.86,139.21,0.00
187.94,92.77,221.16,138.87,0.00
184.27,91.19,220.03,138.58,0.00
186.88,92.33,220.56,138.67,0.00
182.26,92.83,219.56,140.98,0.00
184.87,93.96,220.09,141.08,0.00
186.88,93.98,221.39,140.73,0.00
183.20,92.41,220.26,140.44,0.00
185.21,92.43,221.56,140.10,0.00
181.53,90.85,220.43,139.80,0.00
183.39,92.91,218.38,139.91,0.00
185.40,92.93,219.68,139.57,0.00
181.72,91.36,218.55,139.27,0.00
184.33,92.49,219.08,139.36,0.00
186.94,93.62,219.61,139.45,0.00
183.26,92.05,218.48,139.16,0.00
185.27,92.07,219.78,138.82,0.00
187.28,92.08,221.07,138.48,0.00
182.66,92.59,220.08,140.79,0.00
184.67,92.60,221.38,140.45,0.00
181.00,91.03,220.25,140.16,0.00
182.85,93.09,218.20,140.26,0.00
184.86,93.10,219.50,139.92,0.00
185.96,95.10,219.85,141.54,0.00
184.47,91.49,217.54,137.53,0.00
185.56,93.49,217.90,139.15,0.00
183.91,94.09,218.92,141.10,0.00
185.95,92.55,223.30,140.72,0.00
182.27,90.98,222.17,140.43,0.00
184.13,93.03,220.12,140.53,0.00
180.45,91.46,218.99,140.23,0.00
183.06,92.59,219.52,140.33,0.00
185.07,92.61,220.82,139.99,0.00
187.08,92.63,222.11,139.65,0.00
183.32,91.63,216.63,137.79,0.00
184.41,93.63,216.99,139.41,0.00
186.45,92.08,221.36,139.04,0.00
180.59,92.60,216.59,140.10,0.00
182.60,92.62,217.89,139.76,0.00
185.21,93.75,218.42,139.85,0.00
181.53,92.18,217.29,139.56,0.00
184.14,93.31,217.82,139.65,0.00
186.18,91.77,222.19,139.27,0.00
184.56,93.65,217.22,139.49,0.00
186.59,92.11,221.59,139.11,0.00
180.73,92.63,216.83,140.18,0.00
182.77,91.09,221.20,139.80,0.00
181.78,92.98,215.88,139.54,0.00
183.82,91.44,220.25,139.16,0.00
185.67,93.50,218.20,139.26,0.00
181.99,91.93,217.08,138.97,0.00
184.00,91.94,218.37,138.63,0.00
186.01,91.96,219.67,138.29,0.00
181.39,92.46,218.68,140.60,0.00
183.40,92.48,219.97,140.26,0.00
185.41,92.49,221.27,139.92,0.00
181.74,90.92,220.14,139.63,0.00
183.59,92.98,218.09,139.73,0.00
184.69,94.97,218.45,141.35,0.00
186.70,94.99,219.75,141.01,0.00
182.56,91.82,216.94,138.51,0.00
184.57,91.83,218.24,138.17,0.00
185.67,93.83,218.59,139.79,0.00
181.99,92.25,217.47,139.49,0.00
184.60,93.39,217.99,139.58,0.00
186.61,93.40,219.29,139.24,0.00
182.93,91.83,218.16,138.95,0.00
184.94,91.85,219.46,138.61,0.00
186.95,91.87,220.76,138.27,0.00
182.33,92.37,219.76,140.58,0.00
184.34,92.39,221.06,140.24,0.00
186.35,92.40,222.36,139.90,0.00
182.60,91.81,214.92,137.46,0.00
186.33,94.65,219.51,140.74,0.00
182.19,91.48,216.70,138.23,0.00
183.29,93.47,217.06,139.85,0.00
185.30,93.49,218.35,139.51,0.00
187.31,93.50,219.65,139.17,0.00
185.07,94.70,217.45,140.38,0.00
187.11,93.15,221.83,140.01,0.00
183.44,91.58,220.70,139.71,0.00
182.44,93.48,215.38,139.45,0.00
184.45,93.50,216.68,139.11,0.00
182.80,94.10,217.70,141.05,0.00
184.81,94.12,219.00,140.71,0.00
186.82,94.14,220.29,140.37,0.00
183.14,92.57,219.17,140.08,0.00
185.15,92.58,220.46,139.74,0.00
186.25,94.58,220.82,141.36,0.00
182.49,93.58,215.34,139.50,0.00
184.50,93.60,216.63,139.16,0.00
182.85,94.20,217.66,141.11,0.00
186.57,91.53,221.96,138.72,0.00
181.95,92.03,220.96,141.04,0.00
183.05,94.03,221.32,142.66,0.00
181.56,90.42,219.01,138.65,0.00
184.17,91.55,219.54,138.74,0.00
179.55,92.06,218.54,141.05,0.00
181.56,92.07,219.84,140.71,0.00
183.57,92.09,221.14,140.37,0.00
182.57,93.99,215.82,140.11,0.00
184.59,94.00,217.12,139.77,0.00
180.91,92.43,215.99,139.47,0.00
182.95,90.89,220.36,139.10,0.00
178.33,91.39,219.37,141.41,0.00
180.34,91.41,220.67,141.07,0.00
182.95,92.54,221.19,141.17,0.00
179.27,90.97,220.07,140.87,0.00
181.88,92.11,220.59,140.96,0.00
183.73,94.16,218.54,141.07,0.00
185.74,94.18,219.84,140.73,0.00
182.06,92.61,218.71,140.43,0.00
183.92,94.66,216.66,140.53,0.00
185.96,93.12,221.04,140.16,0.00
181.34,93.62,220.04,142.47,0.00
183.35,93.64,221.34,142.13,0.00
179.67,92.07,220.21,141.84,0.00
181.68,92.08,221.51,141.50,0.00
183.53,94.14,219.46,141.60,0.00
179.86,92.57,218.33,141.31,0.00
182.47,93.70,218.86,141.40,0.00
185.08,94.83,219.39,141.49,0.00
183.59,91.23,217.08,137.48,0.00
184.22,95.57,217.40,141.66,0.00
180.55,94.00,216.27,141.36,0.00
182.56,94.02,217.57,141.02,0.00
184.60,92.47,221.94,140.65,0.00
179.98,92.98,220.95,142.96,0.00
181.99,92.99,222.25,142.62,0.00
178.31,91.42,221.12,142.33,0.00
180.16,93.48,219.07,142.43,0.00
182.17,93.49,220.37,142.09,0.00
178.50,91.92,219.24,141.79,0.00
180.51,91.94,220.54,141.45,0.00
182.36,94.00,218.49,141.56,0.00
184.37,94.01,219.78,141.22,0.00
180.69,92.44,218.66,140.92,0.00
182.55,94.50,216.61,141.03,0.00
184.56,94.51,217.90,140.69,0.00
180.88,92.94,216.78,140.39,0.00
182.89,92.96,218.07,140.05,0.00
184.90,92.97,219.37,139.71,0.00
180.91,93.44,214.34,139.65,0.00
182.92,93.46,215.63,139.31,0.00
184.96,91.92,220.01,138.94,0.00
180.34,92.42,219.01,141.25,0.00
182.20,94.48,216.96,141.36,0.00
183.88,93.36,218.86,140.35,0.00
179.26,93.87,217.86,142.67,0.00
181.27,93.88,219.16,142.33,0.00
183.28,93.90,220.46,141.99,0.00
179.60,92.33,219.33,141.69,0.00
181.45,94.39,217.28,141.80,0.00
183.46,94.40,218.58,141.46,0.00
179.79,92.83,217.45,141.16,0.00
182.40,93.96,217.98,141.25,0.00
178.72,92.39,216.85,140.96,0.00
180.73,92.41,218.15,140.62,0.00
182.74,92.43,219.44,140.28,0.00
178.12,92.93,218.45,142.59,0.00
180.16,91.39,222.82,142.22,0.00
176.48,89.81,221.70,141.92,0.00
178.34,91.87,219.65,142.03,0.00
180.94,93.00,220.17,142.12,0.00
179.95,94.90,214.85,141.85,0.00
183.67,92.23,219.15,139.47,0.00
179.05,92.73,218.16,141.78,0.00
180.91,94.79,216.11,141.89,0.00
184.63,92.11,220.41,139.50,0.00
180.01,92.62,219.41,141.82,0.00
176.33,91.04,218.29,141.52,0.00
178.35,91.06,219.58,141.18,0.00
180.36,91.08,220.88,140.84,0.00
175.74,91.58,219.89,143.16,0.00
177.75,91.60,221.18,142.82,0.00
179.60,93.65,219.13,142.92,0.00
183.32,90.98,223.43,140.53,0.00
178.70,91.48,222.44,142.85,0.00
181.31,92.61,222.96,142.94,0.00
177.64,91.04,221.84,142.64,0.00
179.65,91.06,223.14,142.30,0.00
181.66,91.08,224.43,141.96,0.00
177.04,91.58,223.44,144.28,0.00
179.05,91.60,224.74,143.94,0.00
175.37,90.03,223.61,143.64,0.00
177.22,92.08,221.56,143.75,0.00
179.23,92.10,222.86,143.41,0.00
175.56,90.53,221.73,143.11,0.00
176.65,92.52,222.08,144.73,0.00
178.66,92.54,223.38,144.39,0.00
180.67,92.55,224.68,144.05,0.00
179.18,88.95,222.37,140.04,0.00
180.28,90.94,222.73,141.66,0.00
176.61,89.37,221.60,141.37,0.00
178.46,91.43,219.55,141.47,0.00
180.47,91.44,220.85,141.13,0.00
182.48,91.46,222.14,140.79,0.00
178.80,89.89,221.02,140.49,0.00
180.66,91.94,218.97,140.60,0.00
182.67,91.96,220.26,140.26,0.00
178.05,92.46,219.27,142.57,0.00
180.08,90.92,223.64,142.20,0.00
181.94,92.97,221.59,142.30,0.00
178.26,91.40,220.47,142.01,0.00
180.11,93.46,218.41,142.11,0.00
182.13,93.48,219.71,141.77,0.00
178.45,91.90,218.59,141.47,0.00
180.30,93.96,216.53,141.58,0.00
182.34,92.42,220.91,141.20,0.00
178.66,90.85,219.78,140.90,0.00
179.76,92.84,220.14,142.53,0.00
181.77,92.86,221.43,142.19,0.00
178.09,91.28,220.31,141.89,0.00
179.95,93.34,218.26,141.99,0.00
181.96,93.36,219.55,141.65,0.00
178.28,91.79,218.43,141.36,0.00
180.13,93.84,216.38,141.46,0.00
182.14,93.86,217.67,141.12,0.00
184.15,93.87,218.97,140.78,0.00
180.48,92.30,217.84,140.49,0.00
183.09,93.44,218.37,140.58,0.00
179.41,91.86,217.24,140.28,0.00
181.26,93.92,215.19,140.39,0.00
183.27,93.94,216.49,140.05,0.00
179.60,92.37,215.36,139.75,0.00
182.21,93.50,215.89,139.84,0.00
184.22,93.52,217.19,139.50,0.00
179.60,94.02,216.19,141.82,0.00
181.63,92.48,220.57,141.44,0.00
177.96,90.90,219.44,141.15,0.00
180.57,92.04,219.97,141.24,0.00
179.57,93.94,214.65,140.97,0.00
181.58,93.95,215.95,140.63,0.00
183.59,93.97,217.24,140.29,0.00
179.92,92.40,216.12,140.00,0.00
181.93,92.41,217.41,139.66,0.00
184.54,93.55,217.94,139.75,0.00
180.86,91.98,216.81,139.45,0.00
181.96,93.97,217.17,141.08,0.00
183.97,93.99,218.46,140.74,0.00
180.29,92.42,217.34,140.44,0.00
182.33,90.87,221.71,140.06,0.00
180.56,93.86,216.59,141.38,0.00
182.57,93.88,217.88,141.04,0.00
184.58,93.90,219.18,140.70,0.00
180.90,92.33,218.06,140.40,0.00
183.51,93.46,218.58,140.49,0.00
182.59,90.95,219.52,138.92,0.00
183.69,92.95,219.88,140.54,0.00
179.07,93.45,218.88,142.86,0.00
180.92,95.51,216.83,142.96,0.00
177.25,93.94,215.71,142.67,0.00
179.26,93.95,217.00,142.33,0.00
181.27,93.97,218.30,141.99,0.00
183.31,92.42,222.68,141.61,0.00
177.87,93.55,217.84,143.03,0.00
179.88,93.57,219.14,142.69,0.00
178.71,91.24,220.84,141.81,0.00
179.81,93.24,221.20,143.43,0.00
176.13,91.67,220.07,143.14,0.00
178.14,91.68,221.37,142.80,0.00
180.15,91.70,222.67,142.46,0.00
179.16,93.60,217.35,142.19,0.00
181.17,93.61,218.64,141.85,0.00
183.18,93.63,219.94,141.51,0.00
179.50,92.06,218.81,141.21,0.00
181.51,92.08,220.11,140.87,0.00
176.89,92.58,219.12,143.19,0.00
178.93,91.04,223.49,142.81,0.00
180.94,91.05,224.79,142.47,0.00
175.51,92.18,219.95,143.90,0.00
177.55,90.63,224.32,143.52,0.00
179.40,92.69,222.27,143.62,0.00
175.73,91.12,221.15,143.33,0.00
177.74,91.13,222.44,142.99,0.00
179.59,93.19,220.39,143.09,0.00
180.69,95.18,220.75,144.71,0.00
177.01,93.61,219.62,144.42,0.00
180.73,90.94,223.92,142.03,0.00
176.11,91.44,222.93,144.35,0.00
178.72,92.57,223.45,144.44,0.00
177.23,88.97,221.15,140.43,0.00
178.33,90.96,221.50,142.05,0.00
179.43,92.96,221.86,143.67,0.00
180.52,94.95,222.21,145.29,0.00
179.03,91.34,219.90,141.28,0.00
180.13,93.34,220.26,142.90,0.00
182.14,93.35,221.56,142.56,0.00
178.46,91.78,220.43,142.26,0.00
180.47,91.80,221.73,141.92,0.00
182.48,91.81,223.02,141.58,0.00
177.87,92.32,222.03,143.90,0.00
179.88,92.33,223.33,143.56,0.00
176.20,90.76,222.20,143.26,0.00
178.21,90.78,223.50,142.92,0.00
180.06,92.84,221.45,143.03,0.00
176.39,91.26,220.32,142.73,0.00
178.40,91.28,221.62,142.39,0.00
180.41,91.30,222.91,142.05,0.00
176.73,89.73,221.79,141.76,0.00
179.34,90.86,222.31,141.85,0.00
175.66,89.29,221.19,141.55,0.00
178.27,90.42,221.71,141.64,0.00
180.88,91.55,222.24,141.74,0.00
176.26,92.06,221.25,144.05,0.00
178.30,90.51,225.62,143.68,0.00
180.15,92.57,223.57,143.78,0.00
176.01,89.40,220.77,141.27,0.00
177.87,91.45,218.72,141.38,0.00
178.96,93.44,219.07,143.00,0.00
180.97,93.46,220.37,142.66,0.00
182.98,93.48,221.66,142.32,0.00
178.84,90.30,218.86,139.81,0.00
179.94,92.30,219.21,141.43,0.00
181.95,92.31,220.51,141.09,0.00
178.27,90.74,219.38,140.80,0.00
180.28,90.76,220.68,140.46,0.00
182.89,91.89,221.21,140.55,0.00
179.22,90.32,220.08,140.25,0.00
181.07,92.38,218.03,140.36,0.00
181.17,91.06,222.83,141.39,0.00
177.49,89.49,221.70,141.09,0.00
178.59,91.48,222.05,142.71,0.00
180.60,91.50,223.35,142.37,0.00
176.92,89.93,222.22,142.08,0.00
179.53,91.06,222.75,142.17,0.00
181.38,93.11,220.70,142.27,0.00
177.71,91.54,219.57,141.98,0.00
179.72,91.56,220.87,141.64,0.00
181.73,91.58,222.17,141.30,0.00
178.05,90.00,221.04,141.00,0.00
180.66,91.14,221.57,141.09,0.00
182.67,91.15,222.87,140.75,0.00
178.05,91.66,221.87,143.07,0.00
180.06,91.67,223.17,142.73,0.00
176.38,90.10,222.04,142.43,0.00
178.99,91.24,222.57,142.52,0.00
181.60,92.37,223.10,142.62,0.00
177.84,91.37,217.62,140.76,0.00
179.88,89.83,221.99,140.39,0.00
181.73,91.89,219.94,140.49,0.00
183.74,91.90,221.24,140.15,0.00
179.12,92.41,220.24,142.47,0.00
181.13,92.42,221.54,142.13,0.00
177.45,90.85,220.41,141.83,0.00
179.46,90.87,221.71,141.49,0.00
181.47,90.88,223.01,141.15,0.00
176.85,91.39,222.01,143.47,0.00
178.86,91.40,223.31,143.13,0.00
175.19,89.83,222.18,142.83,0.00
177.80,90.97,222.71,142.92,0.00
180.41,92.10,223.24,143.01,0.00
182.42,92.12,224.53,142.67,0.00
178.74,90.54,223.41,142.38,0.00
181.35,91.68,223.93,142.47,0.00
177.67,90.11,222.81,142.17,0.00
179.52,92.16,220.76,142.28,0.00
182.13,93.29,221.28,142.37,0.00
184.17,91.75,225.66,141.99,0.00
183.18,93.65,220.34,141.73,0.00
179.50,92.08,219.21,141.43,0.00
184.32,92.71,222.89,141.50,0.00
180.64,91.14,221.76,141.20,0.00
182.65,91.16,223.06,140.86,0.00
184.66,91.18,224.36,140.52,0.00
186.52,93.23,222.30,140.62,0.00
182.84,91.66,221.18,140.33,0.00
178.69,91.24,223.44,143.12,0.00
180.70,91.26,224.74,142.78,0.00
177.02,89.69,223.61,142.48,0.00
179.03,89.70,224.91,142.14,0.00
181.64,90.84,225.43,142.23,0.00
180.64,92.74,220.11,141.97,0.00
182.65,92.75,221.41,141.63,0.00
184.67,92.77,222.71,141.29,0.00
180.99,91.20,221.58,140.99,0.00
183.60,92.33,222.11,141.09,0.00
185.61,92.35,223.40,140.75,0.00
187.46,94.40,221.35,140.85,0.00
183.78,92.83,220.23,140.55,0.00
185.79,92.85,221.52,140.21,0.00
187.80,92.87,222.82,139.87,0.00
183.19,93.37,221.83,142.19,0.00
179.51,91.80,220.70,141.89,0.00
181.52,91.81,222.00,141.55,0.00
184.13,92.95,222.53,141.65,0.00
185.22,94.94,222.88,143.27,0.00
187.83,96.07,223.41,143.36,0.00
184.16,94.50,222.28,143.06,0.00
186.77,95.64,222.81,143.16,0.00
188.78,95.65,224.10,142.82,0.00
187.29,92.05,221.80,138.80,0.00
188.38,94.04,222.15,140.42,0.00
189.48,96.03,222.51,142.05,0.00
185.80,94.46,221.38,141.75,0.00
187.81,94.48,222.68,141.41,0.00
189.82,94.49,223.97,141.07,0.00
190.92,96.49,224.33,142.69,0.00
189.43,92.88,222.02,138.68,0.00
191.42,97.13,223.76,142.80,0.00
189.29,94.93,221.68,140.62,0.00
187.54,96.99,221.24,143.34,0.00
189.55,97.01,222.54,143.00,0.00
188.06,93.40,220.23,138.99,0.00
190.06,97.38,223.63,143.66,0.00
188.57,93.78,221.32,139.65,0.00
189.67,95.77,221.68,141.27,0.00
188.02,96.38,222.70,143.22,0.00
190.03,96.39,224.00,142.88,0.00
188.54,92.79,221.69,138.86,0.00
190.53,97.04,223.42,142.99,0.00
186.39,93.86,220.62,140.48,0.00
188.99,95.00,221.14,140.57,0.00
187.34,95.60,222.17,142.52,0.00
189.95,96.74,222.69,142.61,0.00
186.27,95.17,221.57,142.31,0.00
188.29,95.18,222.87,141.97,0.00
184.61,93.61,221.74,141.68,0.00
186.62,93.63,223.04,141.34,0.00
182.94,92.06,221.91,141.04,0.00
184.95,92.07,223.21,140.70,0.00
185.59,96.42,223.52,144.88,0.00
184.10,92.81,221.22,140.87,0.00
185.95,94.87,219.17,140.97,0.00
189.68,92.19,223.47,138.59,0.00
185.06,92.70,222.47,140.90,0.00
186.91,94.75,220.42,141.01,0.00
188.92,94.77,221.72,140.67,0.00
185.24,93.20,220.59,140.37,0.00
187.25,93.21,221.89,140.03,0.00
189.27,93.23,223.19,139.69,0.00
190.36,95.22,223.54,141.31,0.00
185.74,95.73,222.55,143.63,0.00
187.60,97.78,220.50,143.73,0.00
185.70,92.16,222.62,140.11,0.00
186.80,94.15,222.97,141.74,0.00
183.12,92.58,221.85,141.44,0.00
185.73,93.71,222.37,141.53,0.00
186.83,95.70,222.73,143.15,0.00
188.84,95.72,224.03,142.81,0.00
184.70,92.55,221.22,140.31,0.00
187.95,95.12,221.60,141.44,0.00
189.96,95.13,222.89,141.10,0.00
185.34,95.64,221.90,143.42,0.00
187.35,95.65,223.20,143.08,0.00
182.73,96.16,222.20,145.39,0.00
184.77,94.61,226.58,145.02,0.00
183.78,96.51,221.26,144.75,0.00
185.79,96.53,222.55,144.41,0.00
188.39,97.66,223.08,144.50,0.00
184.72,96.09,221.95,144.21,0.00
186.73,96.11,223.25,143.87,0.00
188.74,96.12,224.55,143.53,0.00
185.06,94.55,223.42,143.23,0.00
186.92,96.61,221.37,143.34,0.00
189.52,97.74,221.90,143.43,0.00
187.87,98.35,222.92,145.37,0.00
190.89,93.80,223.61,139.67,0.00
187.21,92.23,222.48,139.37,0.00
190.46,94.80,222.86,140.50,0.00
185.84,95.31,221.87,142.82,0.00
188.45,96.44,222.39,142.91,0.00
184.78,94.87,221.27,142.61,0.00
185.87,96.86,221.62,144.24,0.00
187.88,96.88,222.92,143.90,0.00
189.89,96.90,224.21,143.56,0.00
188.40,93.29,221.91,139.54,0.00
186.45,96.20,222.40,143.68,0.00
188.46,96.22,223.70,143.34,0.00
184.79,94.65,222.57,143.04,0.00
185.88,96.64,222.93,144.66,0.00
188.49,97.78,223.46,144.76,0.00
184.82,96.20,222.33,144.46,0.00
186.83,96.22,223.63,144.12,0.00
188.84,96.24,224.92,143.78,0.00
184.70,93.06,222.12,141.27,0.00
187.31,94.20,222.64,141.37,0.00
189.91,95.33,223.17,141.46,0.00
186.24,93.76,222.04,141.16,0.00
188.85,94.89,222.57,141.25,0.00
189.94,96.88,222.93,142.88,0.00
186.27,95.31,221.80,142.58,0.00
188.28,95.33,223.10,142.24,0.00
184.14,92.16,220.29,139.73,0.00
184.78,96.50,220.61,143.92,0.00
186.79,96.52,221.91,143.58,0.00
188.80,96.53,223.20,143.24,0.00
185.12,94.96,222.08,142.94,0.00
187.13,94.98,223.37,142.60,0.00
185.51,96.86,218.40,142.81,0.00
187.54,95.32,222.78,142.44,0.00
187.44,94.64,220.85,140.84,0.00
189.45,94.66,222.14,140.50,0.00
185.77,93.08,221.02,140.21,0.00
186.87,95.08,221.37,141.83,0.00
183.19,93.51,220.24,141.53,0.00
185.80,94.64,220.77,141.62,0.00
187.81,94.66,222.07,141.28,0.00
188.91,96.65,222.42,142.91,0.00
185.23,95.08,221.30,142.61,0.00
187.24,95.10,222.59,142.27,0.00
182.62,95.60,221.60,144.59,0.00
184.63,95.62,222.90,144.25,0.00
186.64,95.63,224.19,143.91,0.00
182.97,94.06,223.07,143.61,0.00
184.98,94.08,224.36,143.27,0.00
186.99,94.09,225.66,142.93,0.00
185.82,95.47,225.13,144.62,0.00
181.68,92.29,222.32,142.11,0.00
183.69,92.31,223.62,141.77,0.00
186.30,93.44,224.14,141.86,0.00
184.53,96.43,219.02,143.18,0.00
188.02,92.80,226.28,141.42,0.00
183.40,93.30,225.29,143.74,0.00
185.26,95.36,223.24,143.84,0.00
187.30,93.81,227.61,143.47,0.00
181.86,94.94,222.77,144.89,0.00
183.87,94.95,224.07,144.55,0.00
185.73,97.01,222.02,144.65,0.00
182.05,95.44,220.89,144.36,0.00
184.09,93.89,225.27,143.98,0.00
186.10,93.91,226.56,143.64,0.00
185.11,95.81,221.24,143.38,0.00
187.12,95.83,222.54,143.04,0.00
190.16,96.30,222.41,141.92,0.00
185.54,96.80,221.42,144.24,0.00
187.55,96.82,222.71,143.90,0.00
183.87,95.24,221.59,143.60,0.00
186.48,96.38,222.11,143.69,0.00
189.09,97.51,222.64,143.79,0.00
185.41,95.94,221.51,143.49,0.00
187.27,97.99,219.46,143.59,0.00
188.44,93.57,221.08,139.39,0.00
189.08,97.91,221.40,143.57,0.00
185.40,96.34,220.28,143.28,0.00
187.44,94.80,224.65,142.90,0.00
186.45,96.70,219.33,142.64,0.00
188.49,95.15,223.70,142.26,0.00
183.87,95.65,222.71,144.58,0.00
186.47,96.79,223.24,144.67,0.00
182.80,95.22,222.11,144.37,0.00
185.41,96.35,222.64,144.46,0.00
187.42,96.37,223.93,144.12,0.00
185.93,92.76,221.63,140.11,0.00
186.57,97.10,221.95,144.29,0.00
188.58,97.12,223.24,143.95,0.00
187.09,93.51,220.94,139.94,0.00
188.18,95.51,221.29,141.56,0.00
190.19,95.52,222.59,141.22,0.00
186.52,93.95,221.46,140.92,0.00
189.77,96.52,221.84,142.06,0.00
187.53,97.71,219.64,143.27,0.00
188.71,93.29,221.26,139.06,0.00
189.34,97.63,221.58,143.25,0.00
185.67,96.06,220.45,142.95,0.00
187.68,96.08,221.75,142.61,0.00
189.69,96.09,223.04,142.27,0.00
186.01,94.52,221.92,141.97,0.00
188.02,94.54,223.21,141.63,0.00
190.03,94.55,224.51,141.29,0.00
185.41,95.06,223.52,143.61,0.00
187.42,95.07,224.81,143.27,0.00
182.80,95.58,223.82,145.59,0.00
184.81,95.59,225.12,145.25,0.00
186.82,95.61,226.42,144.91,0.00
185.83,97.51,221.09,144.64,0.00
187.84,97.53,222.39,144.30,0.00
184.16,95.96,221.26,144.01,0.00
186.77,97.09,221.79,144.10,0.00
183.10,95.52,220.67,143.80,0.00
185.71,96.65,221.19,143.89,0.00
187.72,96.67,222.49,143.55,0.00
189.73,96.68,223.79,143.21,0.00
186.05,95.11,222.66,142.92,0.00
187.90,97.17,220.61,143.02,0.00
184.23,95.60,219.48,142.72,0.00
186.24,95.61,220.78,142.38,0.00
188.84,96.75,221.31,142.48,0.00
184.23,97.25,220.31,144.79,0.00
186.24,97.27,221.61,144.45,0.00
188.25,97.28,222.91,144.11,0.00
184.57,95.71,221.78,143.82,0.00
186.58,95.73,223.08,143.48,0.00
188.43,97.78,221.03,143.58,0.00
184.29,94.61,218.22,141.07,0.00
189.11,95.25,221.90,141.14,0.00
184.96,94.83,224.16,143.93,0.00
186.97,94.84,225.46,143.59,0.00
181.11,95.36,220.69,144.65,0.00
183.12,95.38,221.99,144.31,0.00
185.13,95.40,223.28,143.97,0.00
184.13,97.29,217.96,143.71,0.00
186.17,95.75,222.34,143.33,0.00
188.18,95.77,223.63,142.99,0.00
186.56,97.65,218.66,143.20,0.00
190.28,94.98,222.96,140.82,0.00
185.66,95.48,221.97,143.13,0.00
187.67,95.50,223.26,142.79,0.00
190.28,96.63,223.79,142.89,0.00
184.85,97.76,218.95,144.31,0.00
186.86,97.77,220.25,143.97,0.00
188.87,97.79,221.55,143.63,0.00
185.19,96.22,220.42,143.33,0.00
187.20,96.23,221.72,142.99,0.00
182.58,96.74,220.72,145.31,0.00
184.59,96.75,222.02,144.97,0.00
180.92,95.18,220.89,144.67,0.00
182.93,95.20,222.19,144.33,0.00
184.94,95.22,223.49,143.99,0.00
186.79,97.27,221.44,144.09,0.00
183.11,95.70,220.31,143.80,0.00
184.97,97.76,218.26,143.90,0.00
187.01,96.21,222.63,143.53,0.00
182.39,96.72,221.64,145.84,0.00
184.40,96.73,222.94,145.50,0.00
180.72,95.16,221.81,145.21,0.00
182.73,95.18,223.11,144.87,0.00
184.74,95.20,224.41,144.53,0.00
186.75,95.21,225.70,144.19,0.00
185.76,97.11,220.38,143.92,0.00
182.08,95.54,219.25,143.63,0.00
186.90,96.17,222.93,143.69,0.00
185.28,98.06,217.96,143.90,0.00
187.31,96.52,222.33,143.53,0.00
183.64,94.95,221.21,143.23,0.00
184.73,96.94,221.56,144.85,0.00
187.34,98.07,222.09,144.94,0.00
183.67,96.50,220.96,144.65,0.00
185.68,96.52,222.26,144.31,0.00
188.29,97.65,222.79,144.40,0.00
183.67,98.15,221.79,146.72,0.00
186.68,93.61,222.48,141.01,0.00
189.93,96.18,222.86,142.14,0.00
185.31,98.47,219.69,145.16,0.00
187.32,98.49,220.98,144.82,0.00
185.83,94.89,218.68,140.81,0.00
187.84,94.90,219.98,140.47,0.00
184.96,98.76,218.40,144.97,0.00
186.97,98.77,219.70,144.63,0.00
183.30,97.20,218.57,144.34,0.00
185.34,95.66,222.95,143.96,0.00
187.02,94.99,222.61,142.28,0.00
182.40,95.49,221.61,144.60,0.00
185.01,96.62,222.14,144.69,0.00
186.86,98.68,220.09,144.79,0.00
188.87,98.69,221.39,144.45,0.00
185.19,97.12,220.26,144.16,0.00
187.20,97.14,221.56,143.82,0.00
183.53,95.57,220.43,143.52,0.00
186.13,96.70,220.96,143.61,0.00
188.74,97.83,221.49,143.70,0.00
188.11,95.26,222.03,141.72,0.00
189.21,97.25,222.39,143.34,0.00
185.53,95.68,221.26,143.04,0.00
186.63,97.67,221.62,144.66,0.00
188.64,97.69,222.91,144.32,0.00
184.96,96.12,221.79,144.03,0.00
186.82,98.17,219.74,144.13,0.00
188.83,98.19,221.03,143.79,0.00
186.59,99.38,218.83,145.00,0.00
187.76,94.95,220.46,140.80,0.00
188.40,99.30,220.77,144.98,0.00
189.58,94.87,222.39,140.78,0.00
184.96,95.37,221.40,143.09,0.00
186.81,97.43,219.35,143.20,0.00
188.85,95.88,223.72,142.82,0.00
184.23,96.39,222.73,145.14,0.00
186.08,98.44,220.68,145.24,0.00
188.09,98.46,221.98,144.90,0.00
184.42,96.89,220.85,144.60,0.00
186.43,96.90,222.15,144.26,0.00
188.44,96.92,223.44,143.92,0.00
183.82,97.42,222.45,146.24,0.00
185.83,97.44,223.75,145.90,0.00
182.15,95.87,222.62,145.60,0.00
184.19,94.33,226.99,145.23,0.00
183.20,96.22,221.67,144.96,0.00
185.21,96.24,222.97,144.62,0.00
187.22,96.26,224.27,144.28,0.00
183.54,94.69,223.14,143.99,0.00
185.39,96.74,221.09,144.09,0.00
187.40,96.76,222.39,143.75,0.00
183.73,95.19,221.26,143.45,0.00
184.82,97.18,221.62,145.08,0.00
186.83,97.20,222.91,144.74,0.00
185.21,99.08,217.94,144.95,0.00
187.25,97.54,222.31,144.57,0.00
182.63,98.04,221.32,146.89,0.00
184.67,96.50,225.69,146.51,0.00
183.67,98.40,220.37,146.25,0.00
185.71,96.86,224.75,145.87,0.00
181.09,97.36,223.75,148.19,0.00
183.13,95.82,228.13,147.81,0.00
182.14,97.71,222.81,147.55,0.00
184.75,98.85,223.33,147.64,0.00
183.26,95.24,221.03,143.63,0.00
185.27,95.26,222.32,143.29,0.00
187.12,97.31,220.27,143.39,0.00
189.13,97.33,221.57,143.05,0.00
184.51,97.83,220.58,145.36,0.00
185.61,99.83,220.93,146.99,0.00
187.62,99.84,222.23,146.65,0.00
183.94,98.27,221.10,146.35,0.00
185.80,100.33,219.05,146.45,0.00
187.81,100.34,220.35,146.11,0.00
184.13,98.77,219.22,145.82,0.00
186.17,97.23,223.60,145.44,0.00
182.49,95.66,222.47,145.15,0.00
185.74,98.23,222.84,146.28,0.00
182.06,96.66,221.72,145.98,0.00
185.83,96.60,223.77,145.07,0.00
187.68,98.65,221.72,145.17,0.00
183.06,99.16,220.72,147.49,0.00
186.78,96.48,225.02,145.10,0.00
182.16,96.99,224.03,147.42,0.00
184.17,97.00,225.33,147.08,0.00
186.03,99.06,223.28,147.18,0.00
182.35,97.49,222.15,146.89,0.00
184.36,97.50,223.45,146.55,0.00
186.21,99.56,221.40,146.65,0.00
182.54,97.99,220.27,146.35,0.00
184.55,98.01,221.57,146.01,0.00
186.56,98.02,222.86,145.67,0.00
188.41,100.08,220.81,145.78,0.00
184.73,98.51,219.69,145.48,0.00
186.74,98.52,220.98,145.14,0.00
183.07,96.95,219.86,144.85,0.00
185.08,96.97,221.15,144.51,0.00
187.09,96.99,222.45,144.17,0.00
186.68,96.78,222.23,144.05,0.00
182.07,97.28,221.23,146.36,0.00
184.08,97.30,222.53,146.02,0.00
186.11,95.75,226.91,145.65,0.00
185.12,97.65,221.59,145.38,0.00
186.97,99.71,219.53,145.49,0.00
189.56,94.27,225.20,141.59,0.00
187.79,97.26,220.07,142.90,0.00
186.14,97.87,221.10,144.84,0.00
188.15,97.88,222.39,144.50,0.00
184.48,96.31,221.27,144.21,0.00
185.57,98.31,221.62,145.83,0.00
188.18,99.44,222.15,145.92,0.00
184.50,97.87,221.02,145.63,0.00
185.60,99.86,221.38,147.25,0.00
187.61,99.88,222.67,146.91,0.00
183.94,98.31,221.55,146.61,0.00
185.97,96.76,225.92,146.24,0.00
182.30,95.19,224.79,145.94,0.00
184.15,97.25,222.74,146.04,0.00
185.25,99.24,223.10,147.67,0.00
187.26,99.26,224.40,147.33,0.00
183.58,97.69,223.27,147.03,0.00
185.59,97.70,224.57,146.69,0.00
184.60,99.60,219.25,146.43,0.00
185.29,101.16,219.20,147.61,0.00
187.33,99.61,223.58,147.24,0.00
185.70,101.50,218.61,147.45,0.00
183.81,95.87,220.73,143.83,0.00
186.42,97.01,221.26,143.93,0.00
187.51,99.00,221.61,145.55,0.00
182.89,99.50,220.62,147.86,0.00
184.90,99.52,221.91,147.52,0.00
186.91,99.54,223.21,147.18,0.00
183.24,97.97,222.08,146.89,0.00
185.25,97.98,223.38,146.55,0.00
187.10,100.04,221.33,146.65,0.00
183.42,98.47,220.20,146.36,0.00
185.43,98.48,221.50,146.02,0.00
187.44,98.50,222.80,145.68,0.00
183.77,96.93,221.67,145.38,0.00
186.38,98.06,222.20,145.47,0.00
187.47,100.05,222.55,147.09,0.00
185.98,96.45,220.25,143.08,0.00
187.08,98.44,220.60,144.70,0.00
188.18,100.44,220.96,146.32,0.00
184.50,98.86,219.83,146.03,0.00
186.88,100.02,219.77,145.97,0.00
183.20,98.45,218.64,145.67,0.00
185.21,98.47,219.94,145.33,0.00
184.46,99.13,223.38,148.09,0.00
186.47,99.15,224.68,147.75,0.00
182.71,98.15,219.20,145.90,0.00
184.72,98.17,220.50,145.56,0.00
186.73,98.19,221.79,145.22,0.00
187.82,100.18,222.15,146.84,0.00
184.15,98.61,221.02,146.55,0.00
186.76,99.74,221.55,146.64,0.00
183.08,98.17,220.42,146.34,0.00
185.09,98.19,221.72,146.00,0.00
186.94,100.24,219.67,146.11,0.00
188.95,100.26,220.97,145.77,0.00
185.28,98.69,219.84,145.47,0.00
187.29,98.71,221.14,145.13,0.00
183.61,97.14,220.01,144.83,0.00
185.46,99.19,217.96,144.94,0.00
187.50,97.65,222.33,144.56,0.00
188.60,99.64,222.69,146.18,0.00
187.11,96.03,220.38,142.17,0.00
188.21,98.03,220.74,143.79,0.00
183.59,98.53,219.74,146.11,0.00
186.20,99.66,220.27,146.20,0.00
188.21,99.68,221.57,145.86,0.00
184.53,98.11,220.44,145.56,0.00
187.14,99.24,220.97,145.66,0.00
189.15,99.26,222.26,145.32,0.00
185.47,97.69,221.14,145.02,0.00
186.57,99.68,221.49,146.64,0.00
188.58,99.70,222.79,146.30,0.00
190.59,99.71,224.09,145.96,0.00
186.91,98.14,222.96,145.67,0.00
188.77,100.20,220.91,145.77,0.00
187.57,99.60,221.07,145.84,0.00
189.58,99.61,222.36,145.50,0.00
190.68,101.61,222.72,147.13,0.00
191.85,97.18,224.34,142.92,0.00
187.23,97.68,223.34,145.24,0.00
188.33,99.68,223.70,146.86,0.00
190.34,99.69,225.00,146.52,0.00
186.66,98.12,223.87,146.22,0.00
188.51,100.18,221.82,146.33,0.00
190.52,100.19,223.12,145.99,0.00
185.91,100.70,222.12,148.30,0.00
187.92,100.71,223.42,147.96,0.00
187.00,99.85,223.12,147.41,0.00
189.01,99.87,224.41,147.07,0.00
191.02,99.88,225.71,146.73,0.00
187.34,98.31,224.58,146.43,0.00
189.20,100.37,222.53,146.54,0.00
191.21,100.39,223.83,146.20,0.00
187.53,98.81,222.70,145.90,0.00
189.54,98.83,224.00,145.56,0.00
190.64,100.82,224.36,147.18,0.00
189.15,97.22,222.05,143.17,0.00
189.79,101.56,222.37,147.35,0.00
188.08,98.39,221.49,144.60,0.00
190.10,98.41,222.79,144.26,0.00
186.42,96.84,221.66,143.96,0.00
187.06,101.18,221.98,148.14,0.00
189.07,101.20,223.28,147.80,0.00
191.08,101.22,224.58,147.46,0.00
187.40,99.64,223.45,147.17,0.00
189.25,101.70,221.40,147.27,0.00
187.60,102.31,222.42,149.22,0.00
190.62,97.76,223.11,143.51,0.00
191.26,102.11,223.43,147.69,0.00
187.58,100.53,222.30,147.40,0.00
189.59,100.55,223.60,147.06,0.00
191.60,100.57,224.90,146.72,0.00
187.92,99.00,223.77,146.42,0.00
189.02,100.99,224.13,148.04,0.00
185.34,99.42,223.00,147.75,0.00
187.95,100.55,223.53,147.84,0.00
189.96,100.57,224.82,147.50,0.00
186.29,99.00,223.70,147.20,0.00
188.14,101.05,221.65,147.31,0.00
189.80,98.66,222.34,144.43,0.00
187.57,99.85,220.15,145.64,0.00
188.34,100.42,224.08,147.79,0.00
186.85,96.82,221.77,143.78,0.00
190.10,99.39,222.15,144.91,0.00
185.48,99.89,221.16,147.23,0.00
187.50,99.91,222.45,146.89,0.00
190.10,101.04,222.98,146.98,0.00
186.43,99.47,221.85,146.68,0.00
187.92,100.79,222.70,147.68,0.00
189.93,100.80,224.00,147.34,0.00
186.17,99.81,218.52,145.48,0.00
188.21,98.26,222.89,145.11,0.00
189.31,100.26,223.25,146.73,0.00
185.63,98.69,222.12,146.43,0.00
188.88,101.26,222.50,147.56,0.00
190.89,101.27,223.79,147.22,0.00
187.21,99.70,222.67,146.93,0.00
186.95,99.39,223.80,147.32,0.00
188.81,101.45,221.75,147.42,0.00
185.13,99.88,220.62,147.12,0.00
187.74,101.01,221.15,147.21,0.00
189.75,101.03,222.45,146.87,0.00
186.07,99.46,221.32,146.58,0.00
189.32,102.03,221.69,147.71,0.00
185.65,100.46,220.57,147.42,0.00
188.26,101.59,221.10,147.51,0.00
190.27,101.61,222.39,147.17,0.00
186.59,100.03,221.27,146.87,0.00
190.21,100.93,225.02,147.83,0.00
186.07,97.75,222.21,145.32,0.00
187.17,99.75,222.57,146.94,0.00
188.84,98.44,221.83,144.43,0.00
189.94,100.43,222.18,146.05,0.00
188.27,98.44,222.04,144.83,0.00
190.28,98.46,223.34,144.49,0.00
185.66,98.96,222.34,146.80,0.00
187.67,98.98,223.64,146.46,0.00
188.77,100.97,224.00,148.09,0.00
185.09,99.40,222.87,147.79,0.00
189.83,97.92,223.94,144.47,0.00
190.92,99.91,224.29,146.10,0.00
186.31,100.42,223.30,148.41,0.00
188.32,100.43,224.59,148.07,0.00
184.64,98.86,223.47,147.78,0.00
187.25,100.00,223.99,147.87,0.00
189.10,102.05,221.94,147.97,0.00
191.11,102.07,223.24,147.63,0.00
187.43,100.50,222.11,147.34,0.00
190.04,101.63,222.64,147.43,0.00
187.81,102.82,220.44,148.64,0.00
189.85,101.28,224.82,148.26,0.00
186.17,99.71,223.69,147.97,0.00
188.02,101.76,221.64,148.07,0.00
190.03,101.78,222.94,147.73,0.00
186.36,100.21,221.81,147.43,0.00
188.97,101.34,222.34,147.52,0.00
190.98,101.36,223.63,147.18,0.00
188.07,100.94,222.50,147.65,0.00
190.08,100.95,223.80,147.31,0.00
186.40,99.38,222.67,147.02,0.00
188.25,101.44,220.62,147.12,0.00
190.29,99.89,225.00,146.74,0.00
186.61,98.32,223.87,146.45,0.00
187.71,100.32,224.22,148.07,0.00
188.81,102.31,224.58,149.69,0.00
185.13,100.74,223.45,149.40,0.00
187.14,100.75,224.75,149.06,0.00
189.00,102.81,222.70,149.16,0.00
187.51,99.20,220.39,145.15,0.00
188.60,101.20,220.75,146.77,0.00
186.95,101.80,221.77,148.71,0.00
189.56,102.94,222.30,148.80,0.00
185.88,101.37,221.17,148.51,0.00
187.89,101.38,222.47,148.17,0.00
190.50,102.52,222.99,148.26,0.00
186.83,100.95,221.87,147.97,0.00
189.43,102.08,222.39,148.06,0.00
191.45,102.09,223.69,147.72,0.00
187.77,100.52,222.57,147.42,0.00
189.78,100.54,223.86,147.08,0.00
185.16,101.04,222.87,149.40,0.00
187.17,101.06,224.17,149.06,0.00
189.18,101.08,225.46,148.72,0.00
185.50,99.51,224.34,148.42,0.00
187.36,101.56,222.29,148.52,0.00
189.37,101.58,223.58,148.18,0.00
185.69,100.01,222.46,147.89,0.00
188.30,101.14,222.98,147.98,0.00
190.91,102.27,223.51,148.07,0.00
187.23,100.70,222.38,147.78,0.00
189.01,101.86,221.17,147.44,0.00
187.92,98.35,221.77,144.77,0.00
189.01,100.34,222.12,146.39,0.00
191.02,100.36,223.42,146.05,0.00
186.42,100.20,220.50,146.74,0.00
188.43,100.22,221.80,146.40,0.00
190.44,100.24,223.09,146.06,0.00
185.82,100.74,222.10,148.38,0.00
187.83,100.76,223.40,148.04,0.00
184.15,99.18,222.27,147.74,0.00
186.01,101.24,220.22,147.85,0.00
188.02,101.26,221.52,147.51,0.00
190.03,101.27,222.81,147.17,0.00
186.35,99.70,221.69,146.87,0.00
188.96,100.83,222.21,146.96,0.00
190.97,100.85,223.51,146.62,0.00
188.73,102.04,221.31,147.83,0.00
190.77,100.50,225.69,147.46,0.00
187.09,98.93,224.56,147.16,0.00
188.95,100.98,222.51,147.26,0.00
187.40,99.04,223.50,146.59,0.00
189.26,101.10,221.45,146.69,0.00
188.34,98.59,222.39,145.12,0.00
189.43,100.58,222.74,146.74,0.00
191.44,100.60,224.04,146.40,0.00
189.21,101.79,221.84,147.61,0.00
185.53,100.22,220.72,147.31,0.00
188.14,101.35,221.24,147.40,0.00
190.18,99.81,225.62,147.03,0.00
188.56,101.70,220.64,147.24,0.00
190.59,100.15,225.02,146.86,0.00
185.97,100.66,224.02,149.18,0.00
188.58,101.79,224.55,149.27,0.00
187.09,98.18,222.24,145.26,0.00
188.19,100.18,222.60,146.88,0.00
190.20,100.19,223.90,146.54,0.00
185.58,100.70,222.90,148.86,0.00
187.62,99.15,227.28,148.48,0.00
186.63,101.05,221.96,148.22,0.00
188.64,101.07,223.25,147.88,0.00
184.96,99.50,222.13,147.58,0.00
187.57,100.63,222.65,147.67,0.00
189.58,100.65,223.95,147.33,0.00
185.90,99.08,222.82,147.04,0.00
187.76,101.13,220.77,147.14,0.00
188.46,100.42,224.13,147.75,0.00
190.47,100.43,225.43,147.41,0.00
186.79,98.86,224.30,147.12,0.00
188.64,100.92,222.25,147.22,0.00
190.65,100.93,223.55,146.88,0.00
186.98,99.36,222.42,146.59,0.00
188.07,101.36,222.78,148.21,0.00
190.68,102.49,223.30,148.30,0.00
187.01,100.92,222.18,148.00,0.00
189.02,100.93,223.48,147.66,0.00
191.03,100.95,224.77,147.32,0.00
186.89,97.78,221.97,144.82,0.00
190.14,100.35,222.34,145.95,0.00
187.90,101.54,220.14,147.16,0.00
189.94,100.00,224.52,146.78,0.00
185.32,100.50,223.52,149.10,0.00
187.17,102.55,221.47,149.20,0.00
190.90,99.88,225.77,146.82,0.00
187.13,98.89,220.29,144.96,0.00
189.14,98.90,221.59,144.62,0.00
187.49,99.51,222.61,146.57,0.00
190.10,100.64,223.14,146.66,0.00
192.11,100.66,224.44,146.32,0.00
188.96,98.54,221.70,144.41,0.00
190.97,98.56,222.99,144.07,0.00
188.74,99.75,220.80,145.28,0.00
187.08,100.36,221.82,147.23,0.00
189.69,101.49,222.35,147.32,0.00
186.02,99.92,221.22,147.02,0.00
188.03,99.94,222.52,146.68,0.00
190.63,101.07,223.04,146.77,0.00
186.96,99.50,221.92,146.48,0.00
189.57,100.63,222.45,146.57,0.00
191.58,100.65,223.74,146.23,0.00
187.75,99.87,220.09,145.54,0.00
189.79,98.33,224.46,145.17,0.00
190.88,100.32,224.82,146.79,0.00
187.95,101.89,220.69,147.76,0.00
189.96,101.91,221.99,147.42,0.00
189.44,100.68,222.30,146.61,0.00
191.45,100.70,223.60,146.27,0.00
189.22,101.89,221.40,147.48,0.00
191.25,100.34,225.78,147.10,0.00
185.39,100.86,221.01,148.17,0.00
187.40,100.88,222.31,147.83,0.00
189.41,100.90,223.60,147.49,0.00
185.74,99.32,222.48,147.19,0.00
187.59,101.38,220.43,147.30,0.00
189.63,99.84,224.80,146.92,0.00
191.64,99.85,226.10,146.58,0.00
186.21,100.98,221.26,148.00,0.00
188.22,100.99,222.56,147.66,0.00
190.23,101.01,223.85,147.32,0.00
186.09,97.84,221.05,144.82,0.00
187.27,99.36,220.29,145.37,0.00
188.37,101.35,220.64,146.99,0.00
189.97,101.13,222.92,147.11,0.00
186.30,99.56,221.80,146.81,0.00
191.12,100.20,225.47,146.87,0.00
187.35,99.20,219.99,145.02,0.00
193.27,100.14,226.65,146.33,0.00
187.84,101.27,221.82,147.76,0.00
189.85,101.29,223.11,147.42,0.00
186.17,99.71,221.99,147.12,0.00
188.18,99.73,223.28,146.78,0.00
190.79,100.86,223.81,146.87,0.00
187.12,99.29,222.69,146.58,0.00
189.73,100.43,223.21,146.67,0.00
191.74,100.44,224.51,146.33,0.00
186.30,101.57,219.67,147.75,0.00
188.32,101.58,220.97,147.41,0.00
190.35,100.04,225.34,147.03,0.00
192.36,100.06,226.64,146.69,0.00
188.60,99.06,221.16,144.84,0.00
186.36,100.25,218.96,146.05,0.00
188.40,98.71,223.33,145.67,0.00
189.50,100.70,223.69,147.30,0.00
191.51,100.72,224.99,146.95,0.00
185.65,101.24,220.22,148.02,0.00
187.66,101.25,221.52,147.68,0.00
189.67,101.27,222.81,147.34,0.00
185.99,99.70,221.69,147.04,0.00
188.60,100.83,222.21,147.14,0.00
184.92,99.26,221.09,146.84,0.00
187.53,100.39,221.61,146.93,0.00
192.35,101.03,225.29,147.00,0.00
186.49,101.55,220.52,148.06,0.00
191.96,98.33,226.94,145.31,0.00
186.53,99.45,222.10,146.74,0.00
189.99,98.26,222.56,144.05,0.00
187.75,99.45,220.36,145.26,0.00
189.79,97.91,224.74,144.88,0.00
191.80,97.93,226.03,144.54,0.00
185.94,98.44,221.27,145.61,0.00
189.19,101.01,221.64,146.74,0.00
185.51,99.44,220.51,146.44,0.00
188.12,100.58,221.04,146.53,0.00
190.13,100.59,222.34,146.19,0.00
187.90,101.78,220.14,147.40,0.00
189.94,100.24,224.51,147.03,0.00
186.26,98.67,223.39,146.73,0.00
188.30,97.13,227.76,146.36,0.00
187.30,99.03,222.44,146.09,0.00
189.91,100.16,222.97,146.18,0.00
185.29,100.66,221.97,148.50,0.00
187.33,99.12,226.35,148.12,0.00
189.19,101.17,224.30,148.23,0.00
185.05,98.00,221.49,145.72,0.00
187.65,99.13,222.02,145.81,0.00
190.26,100.27,222.54,145.91,0.00
188.03,101.46,220.35,147.12,0.00
190.07,99.91,224.72,146.74,0.00
186.39,98.34,223.59,146.44,0.00
188.24,100.40,221.54,146.55,0.00
190.25,100.41,222.84,146.21,0.00
189.88,98.71,224.06,145.29,0.00
185.26,99.21,223.06,147.61,0.00
187.87,100.34,223.59,147.70,0.00
189.88,100.36,224.89,147.36,0.00
190.04,97.67,225.58,144.94,0.00
188.27,100.66,220.45,146.25,0.00
184.59,99.09,219.33,145.96,0.00
187.20,100.22,219.86,146.05,0.00
189.24,98.68,224.23,145.67,0.00
190.33,100.67,224.58,147.29,0.00
186.66,99.10,223.46,147.00,0.00
188.51,101.15,221.41,147.10,0.00
190.52,101.17,222.70,146.76,0.00
186.96,98.59,220.63,144.92,0.00
188.06,100.58,220.99,146.54,0.00
190.07,100.60,222.28,146.20,0.00
187.84,101.79,220.08,147.41,0.00
189.88,100.24,224.46,147.03,0.00
191.89,100.26,225.76,146.69,0.00
188.12,99.27,220.27,144.84,0.00
185.89,100.46,218.07,146.05,0.00
184.23,101.06,219.10,148.00,0.00
186.27,99.52,223.47,147.62,0.00
185.28,101.42,218.15,147.35,0.00
186.87,100.40,219.13,146.03,0.00
185.22,101.01,220.15,147.97,0.00
187.23,101.02,221.45,147.63,0.00
185.74,97.42,219.14,143.62,0.00
186.38,101.76,219.46,147.80,0.00
188.42,100.22,223.83,147.42,0.00
186.80,102.10,218.86,147.64,0.00
187.97,97.68,220.48,143.43,0.00
185.61,101.78,218.26,147.60,0.00
187.65,100.24,222.63,147.22,0.00
189.66,100.25,223.93,146.88,0.00
185.90,99.26,218.45,145.03,0.00
187.94,97.71,222.82,144.65,0.00
191.19,100.28,223.20,145.79,0.00
186.57,100.79,222.20,148.10,0.00
185.08,97.18,219.90,144.09,0.00
187.69,98.31,220.43,144.18,0.00
189.70,98.33,221.72,143.84,0.00
185.08,98.83,220.73,146.16,0.00
187.69,99.97,221.26,146.25,0.00
189.70,99.98,222.55,145.91,0.00
185.08,100.49,221.56,148.22,0.00
187.09,100.50,222.86,147.88,0.00
189.13,98.96,227.23,147.51,0.00
185.36,97.96,221.75,145.65,0.00
186.46,99.96,222.10,147.28,0.00
188.47,99.97,223.40,146.94,0.00
184.79,98.40,222.27,146.64,0.00
188.42,99.29,226.02,147.60,0.00
190.27,101.35,223.97,147.70,0.00
186.59,99.78,222.85,147.40,0.00
189.20,100.91,223.37,147.50,0.00
185.44,99.92,217.89,145.64,0.00
183.79,100.52,218.92,147.59,0.00
187.14,99.85,220.88,146.22,0.00
189.15,99.86,222.18,145.88,0.00
191.16,99.88,223.48,145.54,0.00
186.54,100.38,222.48,147.85,0.00
188.55,100.40,223.78,147.51,0.00
184.79,99.41,218.30,145.66,0.00
189.61,100.04,221.97,145.72,0.00
185.66,97.68,225.55,147.12,0.00
187.51,99.73,223.50,147.23,0.00
183.84,98.16,222.38,146.93,0.00
185.85,98.18,223.67,146.59,0.00
187.86,98.20,224.97,146.25,0.00
186.23,100.08,220.00,146.46,0.00
188.24,100.10,221.29,146.12,0.00
184.57,98.53,220.17,145.83,0.00
185.66,100.52,220.52,147.45,0.00
189.39,97.85,224.82,145.06,0.00
187.62,100.84,219.70,146.38,0.00
189.66,99.29,224.07,146.00,0.00
185.04,99.80,223.08,148.32,0.00
187.05,99.81,224.37,147.98,0.00
189.06,99.83,225.67,147.64,0.00
185.38,98.26,224.54,147.34,0.00
187.23,100.31,222.49,147.44,0.00
189.84,101.45,223.02,147.54,0.00
186.17,99.88,221.89,147.24,0.00
188.18,99.89,223.19,146.90,0.00
184.50,98.32,222.06,146.60,0.00
187.11,99.46,222.59,146.70,0.00
183.43,97.88,221.46,146.40,0.00
186.68,100.45,221.84,147.53,0.00
188.69,100.47,223.14,147.19,0.00
190.70,100.49,224.43,146.85,0.00
187.03,98.92,223.31,146.56,0.00
188.12,100.91,223.66,148.18,0.00
184.45,99.34,222.54,147.88,0.00
187.05,100.47,223.06,147.97,0.00
189.06,100.49,224.36,147.63,0.00
184.92,97.31,221.55,145.13,0.00
188.18,99.89,221.93,146.26,0.00
190.19,99.90,223.23,145.92,0.00
186.51,98.33,222.10,145.62,0.00
188.52,98.35,223.40,145.28,0.00
189.62,100.34,223.75,146.91,0.00
185.94,98.77,222.62,146.61,0.00
189.19,101.34,223.00,147.74,0.00
187.70,97.73,220.69,143.73,0.00
188.80,99.73,221.05,145.35,0.00
187.15,100.33,222.07,147.30,0.00
189.16,100.35,223.37,146.96,0.00
185.48,98.78,222.24,146.66,0.00
187.43,100.44,220.92,146.68,0.00
189.44,100.46,222.21,146.34,0.00
185.77,98.89,221.09,146.05,0.00
189.02,101.46,221.46,147.18,0.00
190.19,97.03,223.08,142.98,0.00
190.83,101.37,223.40,147.16,0.00
187.75,100.20,222.81,147.23,0.00
190.36,101.34,223.33,147.32,0.00
186.68,99.77,222.21,147.03,0.00
189.29,100.90,222.73,147.12,0.00
184.67,101.40,221.74,149.43,0.00
188.40,98.73,226.04,147.05,0.00
184.72,97.16,224.91,146.75,0.00
185.82,99.15,225.27,148.37,0.00
187.83,99.17,226.56,148.03,0.00
186.83,101.07,221.24,147.77,0.00
188.87,99.52,225.62,147.39,0.00
187.88,101.42,220.30,147.13,0.00
189.92,99.88,224.67,146.75,0.00
189.55,98.17,225.89,145.84,0.00
188.55,100.07,220.57,145.58,0.00
186.42,97.93,220.80,144.61,0.00
187.52,99.92,221.15,146.24,0.00
192.34,100.56,224.83,146.30,0.00
186.91,101.68,219.99,147.72,0.00
188.95,100.14,224.37,147.35,0.00
185.27,98.57,223.24,147.05,0.00
187.88,99.70,223.77,147.14,0.00
189.89,99.72,225.06,146.80,0.00
184.46,100.84,220.23,148.22,0.00
188.18,98.17,224.53,145.84,0.00
186.56,100.05,219.55,146.05,0.00
188.57,100.07,220.85,145.71,0.00
186.33,101.26,218.65,146.92,0.00
188.37,99.72,223.03,146.54,0.00
190.98,100.85,223.55,146.64,0.00
187.30,99.28,222.43,146.34,0.00
188.40,101.27,222.78,147.96,0.00
190.41,101.29,224.08,147.62,0.00
186.73,99.72,222.95,147.33,0.00
189.34,100.85,223.48,147.42,0.00
185.58,99.86,218.00,145.56,0.00
183.93,100.46,219.02,147.51,0.00
190.38,100.73,224.52,147.30,0.00
186.70,99.16,223.40,147.00,0.00
189.31,100.29,223.92,147.09,0.00
191.32,100.31,225.22,146.75,0.00
185.46,100.83,220.45,147.82,0.00
187.47,100.84,221.75,147.48,0.00
189.48,100.86,223.05,147.14,0.00
191.49,100.87,224.34,146.80,0.00
185.63,101.39,219.58,147.86,0.00
187.64,101.41,220.87,147.52,0.00
189.65,101.43,222.17,147.18,0.00
187.42,102.62,219.97,148.39,0.00
189.45,101.07,224.35,148.02,0.00
185.69,100.08,218.86,146.16,0.00
190.51,100.71,222.54,146.23,0.00
188.27,101.91,220.34,147.44,0.00
184.60,100.33,219.22,147.14,0.00
186.61,100.35,220.51,146.80,0.00
188.62,100.37,221.81,146.46,0.00
190.63,100.38,223.11,146.12,0.00
184.77,100.90,218.34,147.19,0.00
186.78,100.92,219.64,146.85,0.00
188.79,100.93,220.93,146.51,0.00
186.55,102.13,218.74,147.72,0.00
188.59,100.58,223.11,147.34,0.00
187.08,100.93,221.88,147.83,0.00
189.09,100.95,223.18,147.49,0.00
185.33,99.95,217.69,145.64,0.00
187.36,98.41,222.07,145.26,0.00
188.46,100.40,222.42,146.88,0.00
190.47,100.42,223.72,146.54,0.00
185.04,101.54,218.88,147.96,0.00
187.05,101.56,220.18,147.62,0.00
189.09,100.02,224.55,147.25,0.00
185.32,99.02,219.07,145.39,0.00
186.42,101.01,219.43,147.02,0.00
188.46,99.47,223.80,146.64,0.00
183.84,99.97,222.81,148.96,0.00
185.85,99.99,224.10,148.62,0.00
184.86,101.89,218.78,148.35,0.00
186.90,100.35,223.16,147.97,0.00
188.91,100.36,224.45,147.63,0.00
184.29,100.87,223.46,149.95,0.00
186.14,102.92,221.41,150.05,0.00
189.16,98.38,222.10,144.35,0.00
190.25,100.37,222.45,145.97,0.00
185.64,100.87,221.46,148.28,0.00
187.65,100.89,222.76,147.94,0.00
189.66,100.91,224.05,147.60,0.00
185.98,99.34,222.93,147.31,0.00
187.83,101.39,220.88,147.41,0.00
189.05,100.25,224.56,147.51,0.00
187.28,103.25,219.44,148.82,0.00
183.60,101.68,218.31,148.53,0.00
185.64,100.13,222.68,148.15,0.00
187.65,100.15,223.98,147.81,0.00
186.66,102.05,218.66,147.55,0.00
188.70,100.50,223.03,147.17,0.00
184.08,101.01,222.04,149.49,0.00
186.68,102.14,222.57,149.58,0.00
185.20,98.53,220.26,145.56,0.00
187.80,99.67,220.79,145.66,0.00
183.18,100.17,219.79,147.97,0.00
185.20,100.19,221.09,147.63,0.00
188.29,99.63,224.16,147.06,0.00
186.52,102.62,219.03,148.38,0.00
187.69,98.19,220.65,144.17,0.00
188.79,100.19,221.01,145.80,0.00
186.55,101.38,218.81,147.01,0.00
188.59,99.84,223.18,146.63,0.00
184.91,98.26,222.06,146.33,0.00
188.16,100.83,222.43,147.47,0.00
190.17,100.85,223.73,147.13,0.00
186.50,99.28,222.60,146.83,0.00
188.35,101.34,220.55,146.93,0.00
186.12,102.53,218.35,148.14,0.00
189.84,99.85,222.65,145.76,0.00
185.22,100.36,221.66,148.07,0.00
187.23,100.37,222.96,147.73,0.00
183.55,98.80,221.83,147.44,0.00
186.16,99.93,222.36,147.53,0.00
188.77,101.07,222.88,147.62,0.00
190.78,101.08,224.18,147.28,0.00
184.92,101.60,219.41,148.35,0.00
188.41,97.96,226.67,146.59,0.00
186.64,100.96,221.55,147.91,0.00
188.66,100.97,222.85,147.57,0.00
190.67,100.99,224.14,147.23,0.00
186.99,99.42,223.02,146.93,0.00
188.84,101.47,220.97,147.03,0.00
185.16,99.90,219.84,146.74,0.00
187.18,99.92,221.14,146.40,0.00
189.19,99.94,222.43,146.06,0.00
184.57,100.44,221.44,148.37,0.00
187.32,99.32,221.59,145.96,0.00
188.41,101.32,221.95,147.58,0.00
190.43,101.33,223.24,147.24,0.00
187.52,100.91,222.11,147.71,0.00
189.53,100.93,223.41,147.37,0.00
185.76,99.93,217.93,145.51,0.00
187.94,102.42,221.15,148.53,0.00
184.26,100.85,220.03,148.23,0.00
186.27,100.87,221.32,147.89,0.00
188.28,100.88,222.62,147.55,0.00
184.60,99.31,221.49,147.25,0.00
186.46,101.37,219.44,147.36,0.00
188.47,101.38,220.74,147.02,0.00
186.78,102.06,219.61,147.97,0.00
188.82,100.52,223.98,147.60,0.00
185.06,99.52,218.50,145.74,0.00
186.15,101.52,218.86,147.37,0.00
188.19,99.97,223.23,146.99,0.00
190.80,101.11,223.76,147.08,0.00
186.60,99.93,221.89,147.07,0.00
189.21,101.06,222.42,147.16,0.00
185.54,99.49,221.29,146.86,0.00
188.14,100.62,221.82,146.95,0.00
189.24,102.61,222.17,148.58,0.00
185.56,101.04,221.04,148.28,0.00
187.58,101.06,222.34,147.94,0.00
189.59,101.08,223.64,147.60,0.00
185.82,100.08,218.16,145.75,0.00
184.17,100.69,219.18,147.69,0.00
188.99,101.32,222.86,147.76,0.00
185.31,99.75,221.73,147.46,0.00
187.92,100.88,222.26,147.55,0.00
190.53,102.02,222.79,147.64,0.00
186.85,100.45,221.66,147.35,0.00
188.86,100.46,222.96,147.01,0.00
191.47,101.60,223.48,147.10,0.00
187.80,100.02,222.36,146.80,0.00
189.81,100.04,223.65,146.46,0.00
185.19,100.54,222.66,148.78,0.00
187.20,100.56,223.96,148.44,0.00
189.05,102.62,221.91,148.54,0.00
184.91,99.44,219.10,146.04,0.00
187.52,100.58,219.63,146.13,0.00
185.28,101.77,217.43,147.34,0.00
187.32,100.22,221.80,146.96,0.00
189.33,100.24,223.10,146.62,0.00
191.34,100.26,224.40,146.28,0.00
185.91,101.38,219.56,147.70,0.00
187.95,99.84,223.93,147.33,0.00
189.80,101.89,221.88,147.43,0.00
186.13,100.32,220.76,147.14,0.00
188.74,101.46,221.28,147.23,0.00
184.99,101.22,220.02,148.23,0.00
187.03,99.67,224.40,147.86,0.00
188.88,101.73,222.35,147.96,0.00
185.20,100.16,221.22,147.66,0.00
187.21,100.17,222.52,147.32,0.00
189.23,100.19,223.81,146.98,0.00
191.24,100.21,225.11,146.64,0.00
185.37,100.72,220.34,147.71,0.00
191.35,100.30,225.98,147.11,0.00
185.49,100.81,221.21,148.17,0.00
187.50,100.83,222.51,147.83,0.00
190.11,101.96,223.04,147.93,0.00
186.43,100.39,221.91,147.63,0.00
188.44,100.41,223.21,147.29,0.00
190.45,100.43,224.50,146.95,0.00
184.59,100.94,219.74,148.02,0.00
186.60,100.96,221.03,147.68,0.00
189.21,102.09,221.56,147.77,0.00
185.53,100.52,220.43,147.47,0.00
188.14,101.66,220.96,147.56,0.00
190.15,101.67,222.26,147.22,0.00
186.48,100.10,221.13,146.93,0.00
189.08,101.23,221.66,147.02,0.00
186.85,102.43,219.46,148.23,0.00
188.89,100.88,223.83,147.85,0.00
190.90,100.90,225.13,147.51,0.00
187.13,99.90,219.65,145.66,0.00
189.17,98.36,224.02,145.28,0.00
190.27,100.35,224.38,146.91,0.00
192.28,100.37,225.68,146.57,0.00
186.42,100.89,220.91,147.63,0.00
191.24,101.52,224.59,147.69,0.00
187.56,99.95,223.46,147.40,0.00
189.57,99.97,224.76,147.06,0.00
191.58,99.98,226.05,146.72,0.00
185.72,100.50,221.29,147.78,0.00
190.54,101.14,224.96,147.85,0.00
186.86,99.57,223.84,147.55,0.00
188.72,101.62,221.79,147.66,0.00
190.73,101.64,223.08,147.32,0.00
188.49,102.83,220.88,148.53,0.00
189.67,98.40,222.50,144.32,0.00
190.76,100.40,222.86,145.94,0.00
187.79,100.03,221.00,146.13,0.00
189.80,100.05,222.29,145.79,0.00
188.15,100.66,223.32,147.74,0.00
190.16,100.67,224.61,147.40,0.00
186.48,99.10,223.49,147.10,0.00
188.34,101.16,221.44,147.21,0.00
190.35,101.17,222.73,146.87,0.00
188.11,102.37,220.54,148.08,0.00
188.10,100.23,220.87,146.11,0.00
189.20,102.22,221.22,147.74,0.00
191.24,100.68,225.60,147.36,0.00
187.56,99.11,224.47,147.06,0.00
190.17,100.24,225.00,147.16,0.00
192.18,100.26,226.30,146.82,0.00
186.32,100.78,221.53,147.88,0.00
188.33,100.79,222.83,147.54,0.00
190.94,101.93,223.35,147.63,0.00
188.70,103.12,221.15,148.84,0.00
189.88,98.69,222.77,144.64,0.00
190.97,100.68,223.13,146.26,0.00
187.08,101.81,220.74,148.14,0.00
189.09,101.83,222.03,147.80,0.00
191.13,100.28,226.41,147.42,0.00
187.45,98.71,225.28,147.12,0.00
189.30,100.77,223.23,147.23,0.00
191.32,100.78,224.53,146.89,0.00
187.64,99.21,223.40,146.59,0.00
188.74,101.21,223.76,148.21,0.00
185.06,99.63,222.63,147.92,0.00
189.88,100.27,226.31,147.98,0.00
188.88,102.17,220.98,147.72,0.00
190.92,100.62,225.36,147.34,0.00
186.30,101.13,224.36,149.66,0.00
190.03,98.45,228.66,147.27,0.00
191.88,100.51,226.61,147.37,0.00
188.12,99.51,221.13,145.52,0.00
189.21,101.51,221.49,147.14,0.00
186.98,102.70,219.29,148.35,0.00
189.02,101.15,223.66,147.98,0.00
187.26,98.59,223.58,146.25,0.00
188.36,100.59,223.93,147.87,0.00
190.37,100.60,225.23,147.53,0.00
192.38,100.62,226.53,147.19,0.00
186.52,101.14,221.76,148.26,0.00
188.56,99.60,226.14,147.88,0.00
190.57,99.61,227.43,147.54,0.00
188.94,101.50,222.46,147.76,0.00
187.91,99.12,222.50,145.91,0.00
189.01,101.12,222.85,147.54,0.00
191.05,99.57,227.23,147.16,0.00
185.19,100.09,222.46,148.23,0.00
187.20,100.11,223.76,147.89,0.00
189.81,101.24,224.29,147.98,0.00
191.82,101.26,225.58,147.64,0.00
188.14,99.69,224.46,147.34,0.00
189.99,101.74,222.40,147.45,0.00
186.32,100.17,221.28,147.15,0.00
191.14,100.80,224.95,147.21,0.00
193.15,100.82,226.25,146.87,0.00
189.47,99.25,225.13,146.58,0.00
187.84,101.14,220.15,146.79,0.00
193.95,100.73,226.46,146.48,0.00
190.28,99.16,225.33,146.19,0.00
191.38,101.15,225.69,147.81,0.00
187.70,99.58,224.56,147.51,0.00
190.31,100.72,225.09,147.61,0.00
188.55,98.16,225.01,145.88,0.00
190.41,100.21,222.96,145.99,0.00
188.17,101.40,220.76,147.19,0.00
190.21,99.86,225.13,146.82,0.00
192.82,100.99,225.66,146.91,0.00
186.96,101.51,220.89,147.98,0.00
188.97,101.53,222.19,147.64,0.00
190.98,101.54,223.49,147.30,0.00
187.30,99.97,222.36,147.00,0.00
189.31,99.99,223.66,146.66,0.00
191.32,100.01,224.95,146.32,0.00
186.70,100.51,223.96,148.64,0.00
188.71,100.53,225.26,148.30,0.00
185.04,98.95,224.13,148.00,0.00
187.05,98.97,225.43,147.66,0.00
183.37,97.40,224.30,147.36,0.00
182.38,99.30,218.98,147.10,0.00
184.23,101.35,216.93,147.20,0.00
180.55,99.78,215.80,146.91,0.00
176.79,98.79,210.32,145.05,0.00
172.17,99.29,209.33,147.37,0.00
174.18,99.31,210.62,147.03,0.00
170.50,97.74,209.50,146.73,0.00
166.83,96.17,208.37,146.44,0.00
165.83,98.06,203.05,146.17,0.00
167.69,100.12,201.00,146.28,0.00
164.01,98.55,199.87,145.98,0.00
159.39,99.05,198.88,148.30,0.00
161.24,101.11,196.83,148.40,0.00
156.62,101.61,195.83,150.72,0.00
157.26,105.96,196.15,154.90,0.00
158.36,107.95,196.51,156.52,0.00
159.46,109.94,196.86,158.14,0.00
161.31,112.00,194.81,158.25,0.00
156.69,112.50,193.82,160.56,0.00
158.37,115.95,196.64,164.58,0.00
160.23,118.00,194.59,164.68,0.00
155.21,121.41,190.78,168.69,0.00
156.31,123.40,191.14,170.31,0.00
152.63,121.83,190.01,170.02,0.00
153.73,123.82,190.37,171.64,0.00
148.71,127.23,186.56,175.65,0.00
150.56,129.28,184.51,175.76,0.00
145.54,132.69,180.71,179.77,0.00
147.55,132.70,182.01,179.43,0.00
142.54,136.11,178.21,183.44,0.00
137.11,137.23,173.37,184.86,0.00
131.77,142.03,171.94,191.61,0.00
123.60,146.66,167.82,198.26,0.00
125.45,148.71,165.77,198.37,0.00
117.29,153.34,161.66,205.02,0.00
107.73,160.75,155.28,214.02,0.00
99.56,165.37,151.16,220.67,0.00
85.77,172.28,143.71,230.75,0.00
83.62,177.55,136.39,233.43,0.00
85.63,177.56,137.69,233.09,0.00
nan,nan,nan,nan,nan
nan,nan,nan,nan,nan
nan,nan,nan,nan,nan
nan,nan,nan,nan,nan
nan,nan,nan,nan,nan
nan,nan,nan,nan,nan
nan,nan,nan,nan,nan
nan,nan,nan,nan,nan
nan,nan,nan,nan,nan
nan,nan,nan,nan,nan
nan,nan,nan,nan,nan
nan,nan,nan,nan,nan
nan,nan,nan,nan,nan
nan,nan,nan,nan,nan
nan,nan,nan,nan,nan
nan,nan,nan,nan,nan
nan,nan,nan,nan,nan
nan,nan,nan,nan,nan
nan,nan,nan,nan,nan
nan,nan,nan,nan,nan
nan,nan,nan,nan,nan
nan,nan,nan,nan,nan
nan,nan,nan,nan,nan
nan,nan,nan,nan,nan
nan,nan,nan,nan,nan
nan,nan,nan,nan,nan
nan,nan,nan,nan,nan
nan,nan,nan,nan,nan
nan,nan,nan,nan,nan
nan,nan,nan,nan,nan
nan,nan,nan,nan,nan
nan,nan,nan,nan,nan
nan,nan,nan,nan,nan
nan,nan,nan,nan,nan
nan,nan,nan,nan,nan
nan,nan,nan,nan,nan
nan,nan,nan,nan,nan
nan,nan,nan,nan,nan
nan,nan,nan,nan,nan
nan,nan,nan,nan,nan
nan,nan,nan,nan,nan
nan,nan,nan,nan,nan
nan,nan,nan,nan,nan
nan,nan,nan,nan,nan
nan,nan,nan,nan,nan
nan,nan,nan,nan,nan
nan,nan,nan,nan,nan
nan,nan,nan,nan,nan
nan,nan,nan,nan,nan
nan,nan,nan,nan,nan
nan,nan,nan,nan,nan
nan,nan,nan,nan,nan
nan,nan,nan,nan,nan
nan,nan,nan,nan,nan
nan,nan,nan,nan,nan
nan,nan,nan,nan,nan
nan,nan,nan,nan,nan
nan,nan,nan,nan,nan
nan,nan,nan,nan,nan
nan,nan,nan,nan,nan
nan,nan,nan,nan,nan
nan,nan,nan,nan,nan
nan,nan,nan,nan,nan
nan,nan,nan,nan,nan
nan,nan,nan,nan,nan
nan,nan,nan,nan,nan
nan,nan,nan,nan,nan
nan,nan,nan,nan,nan
nan,nan,nan,nan,nan
nan,nan,nan,nan,nan
nan,nan,nan,nan,nan
nan,nan,nan,nan,nan
nan,nan,nan,nan,nan
nan,nan,nan,nan,nan
nan,nan,nan,nan,nan
nan,nan,nan,nan,nan
nan,nan,nan,nan,nan
nan,nan,nan,nan,nan
nan,nan,nan,nan,nan
nan,nan,nan,nan,nan
nan,nan,nan,nan,nan
nan,nan,nan,nan,nan
nan,nan,nan,nan,nan
nan,nan,nan,nan,nan
nan,nan,nan,nan,nan
nan,nan,nan,nan,nan
nan,nan,nan,nan,nan
nan,nan,nan,nan,nan
nan,nan,nan,nan,nan
nan,nan,nan,nan,nan
nan,nan,nan,nan,nan
nan,nan,nan,nan,nan
nan,nan,nan,nan,nan
nan,nan,nan,nan,nan
nan,nan,nan,nan,nan
12.80,91.97,62.94,146.54,0.00
14.60,95.63,63.99,149.83,0.00
16.36,98.64,61.85,150.88,0.00
12.95,95.86,61.64,149.70,0.00
14.72,98.78,59.51,150.67,0.00
18.05,98.67,62.13,150.21,0.00
16.16,100.20,62.91,153.07,0.00
13.05,98.70,63.19,153.27,0.00
16.18,98.62,65.61,152.83,0.00
10.97,96.49,62.95,151.97,0.00
15.41,94.84,64.49,148.88,0.00
17.21,97.46,62.39,149.54,0.00
20.08,97.40,64.55,149.13,0.00
23.66,95.43,70.46,148.33,0.00
26.96,96.81,71.68,148.67,0.00
30.28,94.92,77.33,147.94,0.00
29.18,92.41,80.03,147.33,0.00
35.36,93.14,85.07,147.50,0.00
43.48,93.42,92.24,147.29,0.00
51.37,93.69,99.17,147.09,0.00
53.71,93.68,100.80,146.72,0.00
61.32,93.43,105.98,145.26,0.00
68.49,93.70,112.20,145.05,0.00
80.28,96.12,122.35,146.65,0.00
76.51,94.55,121.12,146.36,0.00
86.81,95.71,132.56,148.09,0.00
93.54,95.56,136.86,146.72,0.00
102.90,91.37,148.57,143.71,0.00
109.62,93.39,154.09,145.12,0.00
120.90,96.94,159.99,145.98,0.00
127.31,95.89,169.45,146.46,0.00
129.92,97.03,169.98,146.55,0.00
133.41,93.39,177.24,144.80,0.00
143.72,94.55,188.68,146.53,0.00
150.45,94.39,192.98,145.16,0.00
156.86,93.35,202.44,145.64,0.00
158.71,95.40,200.39,145.74,0.00
162.20,91.77,207.65,143.98,0.00
168.62,90.72,217.11,144.46,0.00
179.59,93.06,226.44,145.98,0.00
186.05,93.33,231.94,145.77,0.00
199.73,95.12,244.65,147.07,0.00
198.74,97.02,239.33,146.81,0.00
205.15,95.97,248.79,147.29,0.00
215.37,93.94,255.37,143.44,0.00
225.43,97.42,263.91,146.16,0.00
231.84,96.38,273.37,146.64,0.00
232.94,98.37,273.72,148.26,0.00
239.67,98.21,278.02,146.89,0.00
247.88,96.80,289.08,146.89,0.00
256.15,100.80,294.79,149.62,0.00
262.60,101.07,300.29,149.41,0.00
264.61,101.08,301.58,149.07,0.00
272.69,102.44,311.40,151.30,0.00
276.01,101.65,311.82,149.06,0.00
nan,nan,nan,nan,nan
nan,nan,nan,nan,nan
nan,nan,nan,nan,nan
276.07,179.63,310.18,226.19,0.00
nan,nan,nan,nan,nan
nan,nan,nan,nan,nan
nan,nan,nan,nan,nan
nan,nan,nan,nan,nan
nan,nan,nan,nan,nan
239.18,163.06,273.23,209.58,0.00
238.35,161.70,271.74,207.89,0.00
246.29,163.98,278.48,209.58,0.00
250.52,162.35,286.99,210.09,0.00
257.98,164.50,293.25,211.63,0.00
261.45,163.65,293.82,209.33,0.00
268.46,164.64,303.59,211.70,0.00
277.24,165.24,312.00,212.12,0.00
237.21,173.70,270.90,220.05,0.00
237.75,175.49,271.17,221.70,0.00
278.52,166.88,311.34,212.79,0.00
249.77,170.40,286.21,218.12,0.00
235.53,92.04,272.94,140.24,0.00
272.79,62.74,305.37,108.53,0.00
272.87,63.18,304.92,108.70,0.00
214.64,44.66,250.35,92.01,0.00
221.36,46.67,255.87,93.42,0.00
227.28,47.61,262.53,94.74,0.00
223.60,46.04,261.40,94.44,0.00
225.61,46.06,262.70,94.10,0.00
228.22,47.19,263.23,94.19,0.00
224.55,45.62,262.10,93.90,0.00
226.56,45.64,263.40,93.56,0.00
227.65,47.63,263.75,95.18,0.00
223.98,46.06,262.62,94.88,0.00
225.99,46.08,263.92,94.54,0.00
227.84,48.13,261.87,94.65,0.00
224.16,46.56,260.74,94.35,0.00
227.32,47.16,264.03,95.01,0.00
223.64,45.59,262.90,94.72,0.00
225.65,45.60,264.20,94.38,0.00
221.03,46.11,263.21,96.69,0.00
222.89,48.16,261.16,96.80,0.00
219.21,46.59,260.03,96.50,0.00
218.22,48.49,254.71,96.23,0.00
213.60,48.99,253.72,98.55,0.00
215.61,49.01,255.01,98.21,0.00
210.18,50.13,250.17,99.63,0.00
208.41,53.13,245.05,100.95,0.00
202.98,54.25,240.21,102.37,0.00
201.98,56.15,234.89,102.10,0.00
203.08,58.14,235.25,103.72,0.00
197.65,59.27,230.41,105.15,0.00
195.41,60.46,228.21,106.36,0.00
167.22,55.61,201.10,102.04,0.00
162.20,59.01,197.29,106.06,0.00
164.21,59.03,198.59,105.72,0.00
160.53,57.46,197.46,105.42,0.00
162.38,59.51,195.41,105.52,0.00
163.48,61.51,195.77,107.15,0.00
161.59,55.88,197.89,103.53,0.00
159.82,58.87,192.76,104.84,0.00
161.83,58.89,194.06,104.50,0.00
155.97,59.41,189.29,105.57,0.00
152.29,57.84,188.17,105.27,0.00
146.43,58.35,183.40,106.34,0.00
148.44,58.37,184.70,106.00,0.00
144.69,57.77,177.26,103.56,0.00
139.26,58.90,172.42,104.98,0.00
132.48,58.89,164.69,104.50,0.00
124.03,60.12,159.22,107.21,0.00
126.04,60.13,160.52,106.87,0.00
119.93,52.94,155.35,100.14,0.00
103.22,49.11,135.79,94.90,0.00
92.41,49.66,124.84,95.37,0.00
90.76,50.27,125.86,97.32,0.00
86.14,50.77,124.87,99.63,0.00
84.52,52.66,119.90,99.85,0.00
80.75,51.66,114.41,97.99,0.00
77.08,50.09,113.29,97.70,0.00
72.46,50.60,112.29,100.01,0.00
74.47,50.61,113.59,99.67,0.00
70.79,49.04,112.46,99.38,0.00
nan,nan,nan,nan,nan
nan,nan,nan,nan,nan
nan,nan,nan,nan,nan
nan,nan,nan,nan,nan
nan,nan,nan,nan,nan
nan,nan,nan,nan,nan
nan,nan,nan,nan,nan
nan,nan,nan,nan,nan
nan,nan,nan,nan,nan
116.51,63.88,150.17,110.21,0.00
nan,nan,nan,nan,nan
nan,nan,nan,nan,nan
nan,nan,nan,nan,nan
nan,nan,nan,nan,nan
nan,nan,nan,nan,nan
nan,nan,nan,nan,nan
nan,nan,nan,nan,nan
nan,nan,nan,nan,nan
nan,nan,nan,nan,nan
nan,nan,nan,nan,nan
nan,nan,nan,nan,nan
nan,nan,nan,nan,nan
nan,nan,nan,nan,nan
nan,nan,nan,nan,nan
nan,nan,nan,nan,nan
nan,nan,nan,nan,nan
nan,nan,nan,nan,nan
nan,nan,nan,nan,nan
nan,nan,nan,nan,nan
nan,nan,nan,nan,nan
nan,nan,nan,nan,nan
nan,nan,nan,nan,nan
nan,nan,nan,nan,nan
nan,nan,nan,nan,nan
nan,nan,nan,nan,nan
nan,nan,nan,nan,nan
nan,nan,nan,nan,nan
nan,nan,nan,nan,nan
nan,nan,nan,nan,nan
nan,nan,nan,nan,nan
nan,nan,nan,nan,nan
nan,nan,nan,nan,nan
nan,nan,nan,nan,nan
nan,nan,nan,nan,nan
nan,nan,nan,nan,nan
nan,nan,nan,nan,nan
nan,nan,nan,nan,nan
nan,nan,nan,nan,nan
nan,nan,nan,nan,nan
nan,nan,nan,nan,nan
nan,nan,nan,nan,nan
nan,nan,nan,nan,nan
nan,nan,nan,nan,nan
nan,nan,nan,nan,nan
nan,nan,nan,nan,nan
nan,nan,nan,nan,nan
nan,nan,nan,nan,nan
nan,nan,nan,nan,nan
nan,nan,nan,nan,nan
nan,nan,nan,nan,nan
nan,nan,nan,nan,nan
nan,nan,nan,nan,nan
nan,nan,nan,nan,nan
nan,nan,nan,nan,nan
nan,nan,nan,nan,nan
nan,nan,nan,nan,nan
nan,nan,nan,nan,nan
nan,nan,nan,nan,nan
nan,nan,nan,nan,nan
nan,nan,nan,nan,nan
nan,nan,nan,nan,nan
nan,nan,nan,nan,nan
nan,nan,nan,nan,nan
nan,nan,nan,nan,nan
nan,nan,nan,nan,nan
nan,nan,nan,nan,nan
nan,nan,nan,nan,nan
nan,nan,nan,nan,nan
nan,nan,nan,nan,nan
nan,nan,nan,nan,nan
nan,nan,nan,nan,nan
nan,nan,nan,nan,nan
nan,nan,nan,nan,nan
nan,nan,nan,nan,nan
nan,nan,nan,nan,nan
nan,nan,nan,nan,nan
nan,nan,nan,nan,nan
nan,nan,nan,nan,nan
nan,nan,nan,nan,nan
nan,nan,nan,nan,nan
nan,nan,nan,nan,nan
nan,nan,nan,nan,nan
nan,nan,nan,nan,nan
nan,nan,nan,nan,nan
nan,nan,nan,nan,nan
nan,nan,nan,nan,nan
nan,nan,nan,nan,nan
nan,nan,nan,nan,nan
nan,nan,nan,nan,nan
nan,nan,nan,nan,nan
nan,nan,nan,nan,nan
nan,nan,nan,nan,nan
nan,nan,nan,nan,nan
nan,nan,nan,nan,nan
nan,nan,nan,nan,nan
nan,nan,nan,nan,nan
nan,nan,nan,nan,nan
nan,nan,nan,nan,nan
nan,nan,nan,nan,nan
nan,nan,nan,nan,nan
nan,nan,nan,nan,nan
nan,nan,nan,nan,nan
nan,nan,nan,nan,nan
nan,nan,nan,nan,nan
nan,nan,nan,nan,nan
nan,nan,nan,nan,nan
nan,nan,nan,nan,nan
nan,nan,nan,nan,nan
nan,nan,nan,nan,nan
nan,nan,nan,nan,nan
nan,nan,nan,nan,nan
nan,nan,nan,nan,nan
nan,nan,nan,nan,nan
nan,nan,nan,nan,nan
nan,nan,nan,nan,nan
nan,nan,nan,nan,nan
nan,nan,nan,nan,nan
nan,nan,nan,nan,nan
nan,nan,nan,nan,nan
nan,nan,nan,nan,nan
nan,nan,nan,nan,nan
nan,nan,nan,nan,nan
nan,nan,nan,nan,nan
nan,nan,nan,nan,nan
nan,nan,nan,nan,nan
nan,nan,nan,nan,nan
nan,nan,nan,nan,nan
nan,nan,nan,nan,nan
nan,nan,nan,nan,nan
nan,nan,nan,nan,nan
nan,nan,nan,nan,nan
nan,nan,nan,nan,nan
nan,nan,nan,nan,nan
nan,nan,nan,nan,nan
nan,nan,nan,nan,nan
nan,nan,nan,nan,nan
nan,nan,nan,nan,nan
nan,nan,nan,nan,nan
nan,nan,nan,nan,nan
nan,nan,nan,nan,nan
nan,nan,nan,nan,nan
nan,nan,nan,nan,nan
nan,nan,nan,nan,nan
nan,nan,nan,nan,nan
nan,nan,nan,nan,nan
nan,nan,nan,nan,nan
nan,nan,nan,nan,nan
nan,nan,nan,nan,nan
nan,nan,nan,nan,nan
nan,nan,nan,nan,nan
nan,nan,nan,nan,nan
nan,nan,nan,nan,nan
nan,nan,nan,nan,nan
nan,nan,nan,nan,nan
nan,nan,nan,nan,nan
nan,nan,nan,nan,nan
nan,nan,nan,nan,nan
nan,nan,nan,nan,nan
nan,nan,nan,nan,nan
nan,nan,nan,nan,nan
nan,nan,nan,nan,nan
nan,nan,nan,nan,nan
nan,nan,nan,nan,nan
nan,nan,nan,nan,nan
nan,nan,nan,nan,nan
nan,nan,nan,nan,nan
nan,nan,nan,nan,nan
nan,nan,nan,nan,nan
nan,nan,nan,nan,nan
nan,nan,nan,nan,nan
nan,nan,nan,nan,nan
nan,nan,nan,nan,nan
nan,nan,nan,nan,nan
nan,nan,nan,nan,nan
nan,nan,nan,nan,nan
nan,nan,nan,nan,nan
nan,nan,nan,nan,nan
nan,nan,nan,nan,nan
nan,nan,nan,nan,nan
nan,nan,nan,nan,nan
nan,nan,nan,nan,nan
nan,nan,nan,nan,nan
nan,nan,nan,nan,nan
nan,nan,nan,nan,nan
nan,nan,nan,nan,nan
