55,94,88,126
56.475,94.095,89.501,126.12
57.903,94.131,91.052,126.28
59.107,94.333,92.307,126.53
59.107,94.333,92.307,126.53
60.691,94.818,93.721,126.85
62.535,95.269,95.602,127.33
64.198,95.688,97.248,127.74
65.556,96.178,98.667,128.29
65.556,96.178,98.667,128.29
66.659,96.531,99.784,128.65
68.002,97.032,101,129.03
67.144,97.446,100.17,129.47
65.955,97.528,99.093,129.66
64.872,98.053,97.814,130
64.872,98.053,97.814,130
63.834,98.149,96.717,130.04
62.754,98.609,95.769,130.62
61.711,99.074,94.905,131.26
61.711,99.074,94.905,131.26
61.039,99.51,94.297,131.76
60.62,100.02,93.825,132.22
60.64,100.41,94.001,132.76
62.519,100.85,95.932,133.25
64.46,100.98,97.866,133.38
64.46,100.98,97.866,133.38
67.559,101.18,100.84,133.45
71.218,101.13,104.08,133
75.717,101.48,108.37,133.15
83.573,105.77,111.1,132.3
87.263,105.9,114.71,132.34
88.775,106.17,116.14,132.54
90.242,106.57,117.55,132.89
90.242,106.57,117.55,132.89
91.589,106.65,119.09,133.15
92.751,106.76,120.45,133.46
93.651,106.91,121.3,133.56
93.651,106.91,121.3,133.56
94.61,106.97,122.29,133.65
95.977,107.2,123.73,133.95
96.949,107.2,124.79,134.04
96.949,107.2,124.79,134.04
98.39,107.64,126.23,134.47
99.59,107.75,127.35,134.5
101.15,108.05,128.81,134.71
102.58,108.15,130.25,134.82
102.58,108.15,130.25,134.82
104.06,106.38,131.79,133.1
106.06,104,133.54,130.49
106.06,104,133.54,130.49
107.18,101.62,134.54,128
108.37,99.447,135.77,125.85
109.53,97.101,137,123.57
111.49,95.266,138.68,121.47
113.17,94.062,140.11,120.02
113.17,94.062,140.11,120.02
114.32,92.968,141.25,118.92
115.12,93.043,142.25,119.19
116.25,93.442,143.4,119.61
117.05,93.476,144.14,119.58
117.05,93.476,144.14,119.58
118.01,93.715,145.12,119.84
118.58,93.78,145.7,119.92
119.5,94.028,146.74,120.28
126.74,94.261,154.57,121.09
126.74,94.261,154.57,121.09
128.06,94.451,156.08,121.46
129.36,94.556,157.44,121.63
130.5,94.86,158.39,121.75
131.47,94.862,159.44,121.83
132.59,94.948,160.57,121.92
132.59,94.948,160.57,121.92
133.89,94.912,162.1,122.11
135.2,94.883,163.41,122.08
136.54,94.966,164.74,122.15
137.81,94.946,166.18,122.3
139.13,95.133,167.44,122.43
139.13,95.133,167.44,122.43
140.44,95.264,168.88,122.67
142.06,95.614,170.07,122.62
143.31,95.804,170.98,122.48
143.78,95.849,171.4,122.48
144.22,95.827,171.9,122.52
144.22,95.827,171.9,122.52
144.72,95.793,172.5,122.58
145.38,95.901,173.19,122.71
145.81,95.9,173.65,122.74
146.27,95.925,174.13,122.78
146.67,96.007,174.43,122.77
147.2,96.128,174.77,122.71
147.2,96.128,174.77,122.71
147.89,96.339,175.28,122.74
148.11,96.286,175.69,122.88
148.36,96.301,175.85,122.8
148.71,96.252,176.21,122.76
148.71,96.252,176.21,122.76
148.97,96.225,176.5,122.77
149.37,96.257,177.12,123.01
149.33,96.195,177.17,123.03
149.39,96.165,177.3,123.08
149.39,96.165,177.3,123.08
149.48,96.168,177.39,123.08
172.48,101.74,200.3,128.57
173.23,101.86,201.32,128.94
173.23,101.86,201.32,128.94
174.36,102.21,202.68,129.52
175.09,102.55,203.63,130.06
175.48,102.88,204.1,130.47
175.89,103.1,204.39,130.59
176.22,103.13,204.75,130.63
176.22,103.13,204.75,130.63
176.52,103.25,205.19,130.89
176.83,103.52,205.58,131.24
177.21,103.83,206,131.58
177.8,104.14,206.51,131.82
178.1,104.3,206.93,132.1
178.1,104.3,206.93,132.1
178.41,104.48,207.19,132.23
178.72,104.73,207.55,132.52
179.12,104.87,207.96,132.68
179.36,105.15,208.18,132.94
179.36,105.15,208.18,132.94
179.49,105.64,208.29,133.4
179.67,105.82,208.58,133.69
179.8,105.96,208.59,133.72
179.8,105.96,208.59,133.72
179.55,106.33,208.39,134.14
179.58,106.59,208.37,134.34
179.69,107,208.4,134.68
179.69,107,208.4,134.68
179.65,107.33,208.2,134.86
178.89,107.76,207.75,135.58
178.84,107.91,207.54,135.59
178.84,108,207.39,135.52
178.8,108.15,207.19,135.52
178.8,108.15,207.19,135.52
178.64,108.4,206.64,135.4
178.1,108.92,205.86,135.68
177.42,109.33,205.04,135.96
177.42,109.33,205.04,135.96
176.77,109.99,204.01,136.25
175.75,110.58,202.99,136.83
174.73,111.1,201.94,137.33
174.73,111.1,201.94,137.33
173.78,111.56,200.9,137.7
172.72,111.93,199.72,137.96
171.67,112.53,198.58,138.46
170.42,112.93,197.37,138.91
169.31,113.01,196.28,139.01
169.31,113.01,196.28,139.01
168.22,112.89,194.92,138.63
167.15,112.98,193.83,138.69
166.06,113.01,192.74,138.73
164.66,113.5,191.29,139.17
164.66,113.5,191.29,139.17
163.01,113.58,189.68,139.28
161.53,114.01,188.01,139.53
159.66,113.54,186.23,139.15
158.26,112.47,184.89,138.13
159.77,119.8,194.96,153.6
159.77,119.8,194.96,153.6
158.07,117.15,193.39,151.07
156.43,114.63,191.79,148.58
154.83,112.11,190.07,145.95
153.24,109.91,188.34,143.62
151.16,107.68,186.4,141.53
151.16,107.68,186.4,141.53
149.03,105.6,184.05,139.23
146.96,103.65,181.68,137
144.68,102.15,179.9,135.97
144.68,102.15,179.9,135.97
142.76,100.68,178.08,134.6
141.49,99.468,176.66,133.24
140.6,98.076,175.65,131.73
140.6,98.076,175.65,131.73
139.8,97.278,174.98,131.06
138.32,97.092,173.75,131.12
137.58,97.171,172.83,131.03
136.56,97.236,171.85,131.13
136.56,97.236,171.85,131.13
135.24,97.06,170.69,131.1
133.82,97.053,169.05,130.89
132.87,96.69,168.42,130.83
132.87,96.69,168.42,130.83
122.19,95.804,157.38,129.6
120.7,95.646,155.62,129.18
120.7,95.646,155.62,129.18
119.23,95.026,154.08,128.49
117.73,94.728,152.43,128.06
115.93,94.475,150.6,127.77
114.3,94.393,149.15,127.86
112.52,94.356,147.45,127.9
112.52,94.356,147.45,127.9
110.55,94.111,145.6,127.77
108.96,93.891,144.17,127.7
108.96,93.891,144.17,127.7
106.92,93.814,142.2,127.7
105.93,93.733,141.06,127.47
104.35,93.308,139.48,127.05
103.32,93.211,138.49,126.98
102.88,93.007,137.99,126.73
102.49,92.924,137.34,126.4
102.49,92.924,137.34,126.4
102.19,92.911,136.79,126.13
101.52,92.688,136.12,125.92
100.53,92.422,135.38,125.89
99.565,91.993,134.64,125.68
99.565,91.993,134.64,125.68
98.829,91.592,134.13,125.49
98.183,91.194,133.31,124.93
97.32,90.571,132.81,124.65
97.32,90.571,132.81,124.65
97.231,90.615,132.73,124.71
96.804,90.468,132.34,124.59
91.037,89.223,117.85,115.04
89.572,89.038,116.36,114.83
89.572,89.038,116.36,114.83
87.895,88.701,114.7,114.5
86.172,88.26,113.02,114.1
84.798,87.805,111.49,113.5
83.3,87.338,110.03,113.07
83.3,87.338,110.03,113.07
82.421,86.857,109.14,112.58
81.711,86.324,108.42,112.04
80.803,85.571,107.5,111.27
79.972,85.046,106.64,110.72
79.972,85.046,106.64,110.72
79.327,84.572,106.12,110.37
78.812,84.059,105.75,109.99
78.323,83.618,105.31,109.6
78.323,83.618,105.31,109.6
77.902,83.109,104.83,109.04
77.583,82.312,104.32,108.05
77.18,81.784,103.92,107.53
76.641,80.973,103.29,106.63
75.51,80.256,102.51,106.25
74.596,79.597,101.66,105.65
74.596,79.597,101.66,105.65
73.538,79.087,100.74,105.27
72.454,78.759,99.889,105.17
71.343,78.315,98.741,104.69
69.93,77.929,97.289,104.27
69.93,77.929,97.289,104.27
68.967,77.454,96.27,103.74
68.019,77.295,95.117,103.38
67.382,76.899,94.191,102.71
66.883,76.428,93.574,102.12
66.883,76.428,93.574,102.12
66.25,75.732,93.218,101.69
65.723,75.482,92.705,101.46
65.147,75.022,92.215,101.08
64.743,74.52,92.002,100.76
64.743,74.52,92.002,100.76
64.723,73.495,92.019,99.774
64.723,73.495,92.019,99.774
64.777,73.003,91.949,99.162
64.945,72.658,91.819,98.53
65.058,72.203,91.555,97.711
65.058,72.203,91.555,97.711
64.844,71.767,91.354,97.288
64.419,71.139,91.159,96.882
64.34,70.809,91.134,96.604
63.844,70.408,90.658,96.222
63.844,70.408,90.658,96.222
63.429,70.031,90.226,95.829
63.445,69.765,90.124,95.449
62.966,69.227,89.492,94.763
62.964,68.599,89.261,93.915
62.571,67.907,88.814,93.171
62.571,67.907,88.814,93.171
62.404,67.391,88.732,92.737
62.173,66.928,88.566,92.336
62.083,66.602,88.542,92.074
62.083,66.602,88.542,92.074
62.127,66.405,88.599,91.889
62.267,65.939,88.707,91.393
62.047,65.534,88.4,90.904
62.017,65.175,88.157,90.339
62.017,65.175,88.157,90.339
62.053,64.81,87.987,89.775
61.972,64.346,87.902,89.308
61.697,63.816,87.737,88.883
61.576,63.345,87.659,88.454
61.576,63.345,87.659,88.454
61.528,63.184,87.553,88.237
61.497,62.985,87.426,87.946
61.209,62.751,86.99,87.569
61.026,62.032,86.659,86.708
60.856,61.494,86.359,86.044
60.856,61.494,86.359,86.044
60.565,60.849,86.107,85.437
60.414,60.491,86.204,85.319
60.484,60.122,86.143,84.822
60.484,60.122,86.143,84.822
60.22,59.643,86.01,84.471
60.275,59.608,86.066,84.437
60.254,59.493,86.142,84.414
60.239,59.116,86.172,84.081
60.595,59.098,86.491,84.027
60.595,59.098,86.491,84.027
60.429,58.786,86.411,83.798
60.325,58.053,86.446,83.199
60.303,57.783,86.541,83.042
60.344,57.297,86.244,82.23
60.344,57.297,86.244,82.23
60.312,56.946,86.297,81.961
60.181,56.79,86.123,81.763
60.173,56.78,86.13,81.767
60.023,56.659,86.028,81.694
60.023,56.659,86.028,81.694
59.928,56.6,85.955,81.655
59.866,56.53,85.96,81.65
59.505,56.062,85.727,81.305
58.752,55.425,85.212,80.897
58.255,55.026,84.929,80.705
57.821,54.673,84.256,80.123
57.821,54.673,84.256,80.123
57.469,54.458,83.999,79.999
57.118,54.349,83.685,79.925
57.036,54.296,83.701,79.967
57.08,54.3,83.721,79.948
57.08,54.3,83.721,79.948
57.072,54.119,83.656,79.711
56.841,53.939,83.361,79.47
56.52,53.513,83.134,79.134
56.194,53.122,82.878,78.811
56.194,53.122,82.878,78.811
56.211,52.96,82.958,78.71
56.043,52.872,82.844,78.673
56.073,52.8,82.987,78.711
56.096,52.809,82.976,78.687
56.096,52.809,82.976,78.687
56.076,52.804,82.972,78.697
56.078,52.799,82.984,78.701
55.899,52.791,82.743,78.634
55.668,52.755,82.519,78.604
55.669,52.751,82.519,78.6
55.669,52.751,82.519,78.6
55.651,52.742,82.515,78.605
55.643,52.73,82.529,78.614
55.657,52.73,82.547,78.617
55.616,52.717,82.535,78.632
55.614,52.713,82.536,78.632
55.614,52.715,82.537,78.634
55.614,52.715,82.537,78.634
55.617,52.716,82.501,78.598
55.639,52.714,82.532,78.605
55.58,52.698,82.493,78.608
55.58,52.698,82.493,78.608
55.625,52.726,82.508,78.607
55.676,52.726,82.554,78.602
55.679,52.73,82.531,78.58
55.683,52.733,82.531,78.581
55.672,52.752,82.501,78.582
55.672,52.752,82.501,78.582
55.666,52.75,82.501,78.584
55.673,52.76,82.496,78.584
55.67,52.748,82.482,78.56
55.542,52.892,82.315,78.667
55.542,52.892,82.315,78.667
55.567,52.871,82.316,78.623
55.567,52.868,82.319,78.622
55.573,52.867,82.326,78.622
55.572,52.872,82.317,78.619
55.572,52.872,82.317,78.619
55.571,52.874,82.316,78.621
55.573,52.876,82.314,78.62
55.573,52.878,82.311,78.618
55.632,52.901,82.296,78.571
55.632,52.901,82.296,78.571
55.632,52.904,82.299,78.576
55.642,52.901,82.306,78.571
55.638,52.905,82.295,78.567
55.631,52.905,82.289,78.569
55.631,52.905,82.289,78.569
55.628,52.904,82.289,78.571
55.629,52.908,82.288,78.573
55.625,52.9,82.298,78.578
55.635,52.89,82.304,78.564
55.635,52.89,82.304,78.564
55.633,52.888,82.306,78.566
54.952,52.541,82.048,78.627
54.912,52.521,82.03,78.628
54.908,52.521,82.025,78.628
54.903,52.519,82.021,78.627
54.897,52.518,82.024,78.634
54.897,52.518,82.024,78.634
54.836,52.529,81.993,78.674
54.835,52.53,81.99,78.673
54.828,52.525,82.008,78.692
54.836,52.525,82.012,78.688
54.836,52.525,82.012,78.688
54.813,52.543,81.963,78.681
54.806,52.54,81.959,78.681
54.817,52.534,81.977,78.682
54.817,52.534,81.977,78.682
54.811,52.533,81.971,78.681
54.82,52.533,81.998,78.698
54.821,52.533,82,78.699
54.824,52.534,81.998,78.696
54.824,52.534,81.998,78.696
54.821,52.533,81.999,78.699
54.817,52.532,81.99,78.692
54.833,52.538,81.994,78.687
54.841,52.538,82.005,78.689
54.841,52.538,82.005,78.689
54.833,52.534,82.008,78.696
54.821,52.531,81.999,78.696
54.863,52.54,82.032,78.696
54.863,52.54,82.032,78.696
54.866,52.541,82.028,78.69
54.863,52.54,82.035,78.699
54.822,52.543,82,78.707
54.805,52.539,81.996,78.717
54.805,52.539,81.996,78.717
54.813,52.537,82.005,78.716
54.806,52.535,82.006,78.721
54.783,52.514,82.003,78.719
54.817,52.521,82.024,78.714
54.847,52.534,82.031,78.704
54.847,52.534,82.031,78.704
54.855,52.542,82.027,78.701
54.849,52.539,82.029,78.706
55.023,52.549,82.22,78.733
55.022,52.538,82.212,78.714
55.053,52.519,82.279,78.731
55.053,52.519,82.279,78.731
55.05,52.516,82.281,78.732
55.05,52.501,82.333,78.767
54.94,52.544,82.147,78.737
54.912,52.545,82.103,78.722
54.912,52.545,82.103,78.722
54.914,52.552,82.102,78.727
54.928,52.553,82.09,78.703
54.928,52.553,82.09,78.703
54.936,52.559,82.087,78.697
54.934,52.557,82.089,78.699
54.912,52.554,82.081,78.71
54.9,52.544,82.088,78.72
54.9,52.544,82.088,78.72
54.885,52.537,82.109,78.746
54.923,52.558,82.088,78.71
54.932,52.551,82.148,78.753
54.984,52.537,82.252,78.79
54.984,52.537,82.252,78.79
55.001,52.529,82.283,78.796
55.03,52.535,82.311,78.799
55.028,52.535,82.311,78.802
55.023,52.543,82.27,78.775
55.023,52.543,82.27,78.775
55.025,52.567,82.279,78.805
55.062,52.574,82.286,78.783
55.066,52.568,82.304,78.79
55.066,52.568,82.304,78.79
55.102,52.595,82.286,78.766
55.07,52.62,82.267,78.803
55.006,52.484,82.358,78.817
55.056,52.495,82.388,78.808
55.056,52.495,82.388,78.808
55.002,52.523,82.333,78.835
55.053,52.536,82.397,78.861
55.014,52.502,82.371,78.84
55.014,52.502,82.371,78.84
54.979,52.417,82.312,78.731
54.965,52.416,82.33,78.761
54.966,52.377,82.407,78.796
54.966,52.377,82.407,78.796
54.955,52.373,82.405,78.8
54.955,52.371,82.415,78.808
55.506,83.547,85.097,112.14
56.08,83.63,85.608,112.16
56.08,83.63,85.608,112.16
56.746,83.744,86.358,112.36
57.661,84.159,87.295,112.79
58.697,84.665,88.291,113.26
59.76,85.112,89.339,113.69
59.76,85.112,89.339,113.69
60.783,85.603,90.365,114.18
62.092,86.275,91.526,114.71
63.604,87.026,92.983,115.41
65.057,87.49,94.56,116
66.434,87.861,96.022,116.45
67.485,88.006,96.994,116.52
67.485,88.006,96.994,116.52
68.311,88.282,98.314,117.27
69.721,88.771,99.911,117.94
70.829,89.029,101.53,118.7
70.829,89.029,101.53,118.7
72.381,89.606,103.06,119.25
73.974,90.013,104.98,119.97
75.253,90.563,106.48,120.73
76.441,90.999,107.89,121.38
77.912,91.621,109.47,122.12
77.912,91.621,109.47,122.12
79.299,92.007,110.96,122.6
80.404,92.06,112.08,122.67
81.57,91.908,113.55,122.81
81.57,91.908,113.55,122.81
83.042,92.091,115.16,123.13
84.417,92.262,116.8,123.55
85.915,92.516,118.47,123.97
85.915,92.516,118.47,123.97
87.497,92.909,120.03,124.35
89.22,93.318,121.76,124.76
91.057,93.623,123.72,125.19
91.057,93.623,123.72,125.19
92.913,93.726,125.71,125.42
94.53,93.647,127.32,125.34
96.134,93.621,129,125.38
97.89,93.917,130.71,125.63
99.527,94.049,132.44,125.85
99.527,94.049,132.44,125.85
101.31,94.447,134.43,126.45
103.32,95.011,136.29,126.88
105.13,95.327,138.31,127.4
107.06,95.537,140.3,127.66
107.06,95.537,140.3,127.66
108.46,95.551,142.02,127.98
109.89,95.647,143.74,128.35
111.37,98.675,146.7,132.46
112.98,98.767,148.23,132.48
112.98,98.767,148.23,132.48
110.39,97.754,148.44,134.25
111.98,97.818,150.39,134.65
113.59,97.711,152.31,134.84
113.59,97.711,152.31,134.84
115.08,97.747,154.06,135.12
116.5,97.189,156.29,135.35
117.62,96.991,157.66,135.39
117.62,96.991,157.66,135.39
119.77,96.815,159.92,135.31
121.83,96.618,161.65,134.81
123.06,96.244,163.13,134.67
123.84,96.008,164.4,134.9
123.84,96.008,164.4,134.9
124.16,95.942,165.08,135.19
125.01,95.86,166.04,135.21
126.36,95.774,167.46,135.19
128.28,95.902,169.34,135.28
128.28,95.902,169.34,135.28
130.33,95.85,171.38,135.22
131.27,95.598,172.6,135.24
131.71,95.594,173.06,135.25
131.76,95.573,173.11,135.23
131.76,95.573,173.11,135.23
131.78,95.561,173.16,135.24
131.91,95.517,173.36,135.27
132,95.496,173.46,135.26
132.06,95.458,173.53,135.24
132.14,95.345,173.66,135.16
132.14,95.345,173.66,135.16
132.17,95.273,173.69,135.09
132.16,95.257,173.7,135.09
132.17,95.246,173.69,135.07
132.2,95.233,173.7,135.03
132.2,95.233,173.7,135.03
132.21,95.231,173.71,135.03
132.21,95.221,173.71,135.02
132.22,95.222,173.7,135.01
132.24,95.236,173.71,135
132.24,95.236,173.71,135
132.25,95.229,173.73,135.01
132.24,95.229,173.72,135.01
132.25,95.228,173.72,135.01
132.26,95.238,173.72,135
132.26,95.238,173.72,135
132.27,95.239,173.72,135
132.27,95.24,173.73,135
132.28,95.24,173.73,135
132.27,95.247,173.73,135
132.28,95.239,173.73,134.99
132.28,95.239,173.73,134.99
132.27,95.227,173.73,134.99
132.27,95.226,173.73,134.99
132.26,95.229,173.72,135
132.26,95.228,173.72,134.99
132.26,95.228,173.72,134.99
132.26,95.239,173.71,134.99
132.27,95.234,173.72,134.99
132.27,95.234,173.72,134.99
132.27,95.237,173.72,134.99
132.27,95.245,173.72,135.01
132.27,95.245,173.72,135.01
132.26,95.248,173.72,135.01
132.26,95.249,173.72,135.01
132.24,95.246,173.7,135.01
132.23,95.244,173.7,135.02
132.23,95.244,173.7,135.02
132.23,95.244,173.7,135.02
132.23,95.243,173.7,135.01
132.23,95.244,173.7,135.01
132.23,95.244,173.69,135.01
132.22,95.24,173.69,135.01
132.22,95.241,173.68,135
132.22,95.241,173.68,135
132.22,95.237,173.68,135
132.22,95.236,173.69,135
132.22,95.234,173.69,135.01
132.25,95.228,173.71,134.99
132.25,95.23,173.7,134.98
132.24,95.226,173.69,134.98
132.24,95.226,173.69,134.98
132.24,95.219,173.69,134.97
132.24,95.214,173.69,134.97
132.21,95.184,173.72,135
132.2,95.179,173.72,135
132.2,95.175,173.72,135
132.2,95.175,173.72,135
132.2,95.175,173.72,135
132.19,95.172,173.72,135
132.19,95.169,173.73,135
132.2,95.177,173.72,135
132.2,95.177,173.72,135
146.5,71.818,170.43,94.752
144.73,71.548,169.12,94.92
142.95,71.318,167.63,94.972
140.76,71.22,165.53,94.953
140.76,71.22,165.53,94.953
138.65,70.986,163.6,94.898
136.94,70.915,161.77,94.708
135.68,70.755,160.61,94.646
134.49,70.507,159.61,94.584
131.36,72.271,157.82,97.733
131.36,72.271,157.82,97.733
130.41,71.981,157.21,97.776
130.05,71.975,156.75,97.662
129.01,71.694,156.04,97.703
127.9,71.507,155.08,97.662
126.94,71.368,154.3,97.693
126.94,71.368,154.3,97.693
126.15,71.078,153.78,97.664
125.64,70.99,153.38,97.681
125.19,70.9,152.85,97.517
120.94,67.656,147.18,92.905
120.94,67.656,147.18,92.905
119.66,67.294,146.45,93.069
118.05,66.988,145.25,93.149
116.2,66.73,143.84,93.323
114.23,66.376,142.26,93.342
114.23,66.376,142.26,93.342
112.39,66.072,140.83,93.434
110.64,65.792,139.02,93.091
109.59,65.666,138.03,93.027
108.64,65.151,137.24,92.662
108.02,65.11,136.95,92.939
108.02,65.11,136.95,92.939
106.93,64.79,135.6,92.373
106.69,64.674,135.43,92.314
105.94,64.432,134.96,92.35
105.94,64.432,134.96,92.35
105,64.094,134.02,92.015
104.03,63.931,133.22,92.017
102.67,66.493,125.27,88.1
102.67,66.493,125.27,88.1
102.14,66.057,124.77,87.693
101.46,65.628,123.84,87.025
100.41,64.965,122.82,86.386
99.235,64.682,121.57,86.031
98.159,64.255,120.46,85.565
98.159,64.255,120.46,85.565
96.517,64.014,118.92,85.426
94.946,63.82,117.43,85.305
92.962,63.585,115.64,85.255
91.196,63.222,113.85,84.873
91.196,63.222,113.85,84.873
89.774,63.072,112.33,84.635
88.838,62.803,111.23,84.206
88.018,62.447,110.24,83.683
87.378,62.136,109.5,83.278
87.378,62.136,109.5,83.278
86.573,61.879,108.82,83.145
85.977,61.57,108.3,82.904
85.977,61.57,108.3,82.904
85.385,61.37,107.67,82.67
84.504,60.959,106.87,82.338
84.078,60.737,106.33,82.006
83.608,60.265,105.8,81.477
83.608,60.265,105.8,81.477
83.07,59.721,105.25,80.921
82.312,59.079,104.61,80.391
81.585,58.588,104.02,80.027
81.04,58.353,103.6,79.913
81.04,58.353,103.6,79.913
77.299,53.889,103.62,79.212
76.139,53.628,102.39,78.886
74.641,53.426,100.97,78.756
75.2,54.8,96.2,74.8
73.86,54.548,94.88,74.568
73.86,54.548,94.88,74.568
72.954,54.172,93.996,74.211
72.058,53.645,93.096,73.68
71.507,53.254,92.752,73.488
70.902,52.909,92.162,73.158
70.461,52.357,91.805,72.686
70.461,52.357,91.805,72.686
70.125,52.256,91.441,72.558
69.652,51.857,90.984,72.173
69.553,51.405,90.91,71.746
69.553,51.405,90.91,71.746
69.087,50.937,90.417,71.251
68.989,50.534,90.251,70.784
68.549,50.095,89.837,70.37
67.836,49.588,89.162,69.899
67.836,49.588,89.162,69.899
67.31,49.122,88.832,69.62
66.347,48.86,87.843,69.333
65.256,48.379,86.86,68.956
64.351,48.298,85.945,68.865
64.351,48.298,85.945,68.865
62.964,48.109,84.581,68.699
61.626,47.889,83.247,68.481
60.718,47.665,82.216,68.14
60.122,47.287,81.63,67.773
60.122,47.287,81.63,67.773
59.212,46.911,80.732,67.406
58.741,46.606,80.172,67.017
58.174,46.283,79.697,66.783
57.74,45.978,79.271,66.484
57.74,45.978,79.271,66.484
57.354,45.802,78.921,66.343
56.99,45.448,78.467,65.903
56.637,45.05,78.036,65.431
56.259,44.706,77.67,65.098
55.821,44.302,77.289,64.749
55.821,44.302,77.289,64.749
55.051,43.887,76.54,64.353
54.098,43.529,75.753,64.155
53.43,43.446,75.187,64.168
52.301,43.191,74.29,64.135
52.301,43.191,74.29,64.135
51.232,42.96,73.378,64.054
49.817,42.89,72.173,64.184
48.446,42.628,71.043,64.152
47.138,42.439,69.798,64.023
47.138,42.439,69.798,64.023
46.222,42.24,68.806,63.752
45.235,42.092,67.862,63.646
44.586,41.962,67.171,63.475
44.586,41.962,67.171,63.475
44.022,41.864,66.721,63.486
43.588,41.78,66.42,63.528
43.588,41.78,66.42,63.528
42.957,41.47,65.876,63.301
42.512,41.352,65.437,63.19
42.034,41.127,64.916,62.924
41.431,40.796,64.346,62.624
40.749,40.524,63.597,62.288
33.354,36.304,56.559,58.509
33.354,36.304,56.559,58.509
32.483,36.2,55.693,58.41
31.507,36.173,54.687,58.353
30.497,36.116,53.779,58.395
29.53,36.054,52.779,58.302
29.53,36.054,52.779,58.302
28.283,36.08,51.524,58.319
27.266,36.125,50.4,58.262
26.709,36.104,49.79,58.19
26.709,36.104,49.79,58.19
26.179,36.219,49.228,58.275
25.567,36.158,48.733,58.325
25.317,36.225,48.432,58.345
25.261,36.408,48.375,58.526
25.356,36.609,48.509,58.764
25.466,36.688,48.852,59.068
25.573,36.578,49.359,59.34
25.573,36.578,49.359,59.34
25.922,36.42,50.145,59.601
25.924,36.467,50.142,59.644
25.883,36.393,50.009,59.481
25.909,36.493,49.989,59.537
25.909,36.493,49.989,59.537
25.974,36.879,50.02,59.89
26.172,37.24,50.033,60.074
26.268,37.781,49.948,60.442
26.268,37.781,49.948,60.442
26.431,38.782,49.773,61.119
26.827,39.642,49.352,61.196
27.058,40.779,49.579,62.329
27.379,41.536,49.92,63.104
27.449,42.43,49.607,63.631
27.449,42.43,49.607,63.631
27.412,42.864,49.45,63.95
27.364,43.27,49.364,64.319
27.271,43.712,49.273,64.763
27.141,44.087,49.099,65.097
27.141,44.087,49.099,65.097
27.039,44.568,49.074,65.651
27.011,45.28,48.978,66.299
27.007,45.787,48.938,66.771
27.001,46.139,48.951,67.141
27.069,46.571,48.988,67.543
27.41,46.966,49.268,67.879
27.491,47.221,49.328,68.114
27.764,47.642,49.751,68.678
27.841,48.053,49.957,69.215
27.841,48.053,49.957,69.215
28.143,48.428,50.208,69.54
28.273,48.848,50.373,69.993
28.286,48.945,50.486,70.186
28.371,49.365,50.614,70.648
28.479,50.234,50.482,71.286
28.474,50.713,50.488,71.776
28.596,51.038,50.65,72.14
28.596,51.038,50.65,72.14
28.487,51.61,50.632,72.798
28.582,51.829,50.869,73.154
28.619,52.265,50.869,73.554
28.619,52.265,50.869,73.554
28.669,52.8,50.877,74.05
28.965,53.127,51.104,74.309
29.101,53.578,51.18,74.704
29.552,54.081,51.584,75.161
29.552,54.081,51.584,75.161
29.837,54.58,51.89,75.681
29.872,54.988,51.953,76.115
30.04,55.233,52.496,76.72
30.232,55.79,52.904,77.484
30.232,55.79,52.904,77.484
30.27,56.117,52.948,77.818
30.332,56.177,53.063,77.928
30.575,56.62,53.239,78.306
30.58,57.132,53.246,78.82
30.647,57.901,53.253,79.532
30.733,58.442,53.251,79.988
30.821,59.125,53.342,80.674
30.821,59.125,53.342,80.674
30.813,59.454,53.412,81.078
30.817,59.835,53.503,81.542
30.959,60.367,53.566,81.999
30.983,60.813,53.524,82.382
28.521,66.436,59.846,96.761
28.521,66.436,59.846,96.761
28.745,66.682,59.924,96.865
29.052,67.16,60.03,97.149
29.46,67.759,60.27,97.585
29.729,68.123,60.311,97.729
29.914,68.354,60.441,97.905
29.914,68.354,60.441,97.905
30.035,68.601,60.577,98.166
30.325,68.942,60.825,98.467
30.518,69.145,61.053,98.704
30.521,69.224,61.047,98.774
30.521,69.224,61.047,98.774
30.588,69.514,61.128,99.078
30.727,69.832,61.231,99.362
30.784,70.006,61.186,99.436
30.784,70.006,61.186,99.436
30.91,70.657,61.324,100.1
30.988,70.952,61.425,100.42
31.145,71.602,61.339,100.83
31.169,72.061,61.228,101.16
31.181,72.332,61.197,101.39
31.181,72.332,61.197,101.39
31.571,72.893,61.304,101.68
31.619,73.328,61.298,102.06
32.029,73.737,61.805,102.56
32.378,74.165,62.126,102.96
32.8,74.476,62.402,103.13
32.8,74.476,62.402,103.13
32.921,74.678,62.501,103.31
33.187,74.901,62.898,103.66
33.474,75.115,63.108,103.8
33.769,75.373,63.278,103.94
33.769,75.373,63.278,103.94
33.901,75.701,63.428,104.28
34.184,76.565,63.445,104.89
34.37,76.913,63.739,105.34
34.37,76.913,63.739,105.34
34.651,77.467,63.932,105.81
34.634,77.489,63.985,105.9
34.753,77.758,64.113,106.18
34.795,77.962,64.139,106.37
34.795,77.962,64.139,106.37
34.888,78.414,64.141,106.73
34.89,78.514,64.156,106.84
35.051,78.634,64.366,107.01
35.21,78.724,64.602,107.17
35.288,78.728,64.936,107.43
35.288,78.728,64.936,107.43
35.364,78.757,65.19,107.63
35.429,78.788,65.274,107.68
35.446,78.773,65.325,107.7
35.425,78.745,65.389,107.75
35.425,78.745,65.389,107.75
35.411,78.72,65.518,107.86
35.335,78.654,65.598,107.95
35.337,78.661,65.609,107.97
35.342,79.164,65.753,108.6
35.304,79.128,65.793,108.64
35.304,79.128,65.793,108.64
35.316,79.153,65.77,108.63
35.354,79.284,65.852,108.81
35.346,79.276,65.856,108.81
35.346,79.271,65.858,108.81
35.346,79.271,65.858,108.81
35.349,79.277,65.864,108.82
35.355,79.278,65.867,108.82
35.364,79.277,65.883,108.82
35.364,79.277,65.883,108.82
35.361,79.283,65.866,108.81
35.359,79.297,65.844,108.81
35.358,79.294,65.84,108.8
35.349,79.3,65.823,108.8
35.354,79.306,65.817,108.8
35.354,79.306,65.817,108.8
35.35,79.298,65.825,108.8
35.347,79.296,65.826,108.8
35.349,79.284,65.823,108.78
35.36,79.302,65.811,108.78
35.36,79.302,65.811,108.78
35.362,79.304,65.808,108.78
35.358,79.298,65.81,108.78
35.368,79.311,65.807,108.78
35.368,79.311,65.807,108.78
35.375,79.316,65.8,108.77
35.378,79.316,65.8,108.77
35.377,79.321,65.794,108.77
35.383,79.314,65.802,108.76
35.383,79.314,65.802,108.76
35.382,79.311,65.8,108.76
35.382,79.304,65.815,108.76
35.376,79.301,65.818,108.77
35.384,79.306,65.819,108.77
35.384,79.306,65.819,108.77
35.377,79.297,65.821,108.77
35.372,79.295,65.828,108.78
35.372,79.294,65.828,108.78
35.37,79.292,65.83,108.78
35.381,79.285,65.839,108.77
35.381,79.285,65.839,108.77
35.386,79.285,65.843,108.77
35.385,79.283,65.84,108.76
35.386,79.282,65.843,108.77
35.386,79.283,65.844,108.77
35.386,79.283,65.844,108.77
35.387,79.283,65.843,108.77
35.387,79.282,65.843,108.76
35.386,79.282,65.846,108.77
35.386,79.282,65.846,108.77
35.386,79.282,65.846,108.77
35.385,79.281,65.845,108.77
35.394,79.253,65.92,108.8
35.392,79.265,65.916,108.81
35.387,79.262,65.918,108.82
35.391,79.256,65.921,108.81
35.391,79.256,65.921,108.81
35.39,79.26,65.917,108.81
35.393,79.26,65.916,108.81
35.395,79.259,65.919,108.81
35.395,79.259,65.919,108.81
35.393,79.256,65.924,108.81
35.395,79.262,65.922,108.81
35.395,79.263,65.922,108.81
35.395,79.263,65.922,108.81
35.396,79.26,65.928,108.82
35.398,79.263,65.927,108.82
91.049,167.57,124.24,199.42
92.832,168.91,126.41,201.13
92.832,168.91,126.41,201.13
95.386,170.81,128.84,202.91
97.129,172.17,130.82,204.5
98.824,173.46,132.98,206.24
100.76,175.11,135.46,208.42
100.76,175.11,135.46,208.42
102.73,176.93,137.49,210.29
104.37,177.91,138.94,211.08
105.89,178.43,140.55,211.69
107.8,179.41,142.72,212.92
109.84,180.62,145.08,214.44
112.03,182.04,147.32,215.9
112.03,182.04,147.32,215.9
114.09,183.45,149.43,217.37
116.26,184.82,151.71,218.84
116.26,184.82,151.71,218.84
118.7,186.07,154.3,220.23
121.48,187.1,157.09,221.28
123.82,187.69,159.54,221.97
125.8,188.49,161.69,222.94
127.41,189.67,163.54,224.35
127.41,189.67,163.54,224.35
129.95,191.2,166.33,226.12
132.88,193.27,169.18,228.11
135.65,194.42,172.65,229.93
135.65,194.42,172.65,229.93
138.17,195.75,176.03,232.09
NaN,NaN,NaN,NaN
NaN,NaN,NaN,NaN
NaN,NaN,NaN,NaN
NaN,NaN,NaN,NaN
NaN,NaN,NaN,NaN
NaN,NaN,NaN,NaN
NaN,NaN,NaN,NaN
NaN,NaN,NaN,NaN
NaN,NaN,NaN,NaN
NaN,NaN,NaN,NaN
NaN,NaN,NaN,NaN
NaN,NaN,NaN,NaN
NaN,NaN,NaN,NaN
NaN,NaN,NaN,NaN
NaN,NaN,NaN,NaN
NaN,NaN,NaN,NaN
NaN,NaN,NaN,NaN
NaN,NaN,NaN,NaN
NaN,NaN,NaN,NaN
NaN,NaN,NaN,NaN
NaN,NaN,NaN,NaN
NaN,NaN,NaN,NaN
NaN,NaN,NaN,NaN
NaN,NaN,NaN,NaN
NaN,NaN,NaN,NaN
NaN,NaN,NaN,NaN
NaN,NaN,NaN,NaN
NaN,NaN,NaN,NaN
NaN,NaN,NaN,NaN
NaN,NaN,NaN,NaN
NaN,NaN,NaN,NaN
NaN,NaN,NaN,NaN
NaN,NaN,NaN,NaN
NaN,NaN,NaN,NaN
NaN,NaN,NaN,NaN
NaN,NaN,NaN,NaN
NaN,NaN,NaN,NaN
NaN,NaN,NaN,NaN
NaN,NaN,NaN,NaN
NaN,NaN,NaN,NaN
NaN,NaN,NaN,NaN
NaN,NaN,NaN,NaN
NaN,NaN,NaN,NaN
NaN,NaN,NaN,NaN
NaN,NaN,NaN,NaN
NaN,NaN,NaN,NaN
NaN,NaN,NaN,NaN
NaN,NaN,NaN,NaN
NaN,NaN,NaN,NaN
NaN,NaN,NaN,NaN
NaN,NaN,NaN,NaN
NaN,NaN,NaN,NaN
NaN,NaN,NaN,NaN
NaN,NaN,NaN,NaN
NaN,NaN,NaN,NaN
NaN,NaN,NaN,NaN
NaN,NaN,NaN,NaN
NaN,NaN,NaN,NaN
NaN,NaN,NaN,NaN
NaN,NaN,NaN,NaN
NaN,NaN,NaN,NaN
NaN,NaN,NaN,NaN
NaN,NaN,NaN,NaN
NaN,NaN,NaN,NaN
NaN,NaN,NaN,NaN
NaN,NaN,NaN,NaN
NaN,NaN,NaN,NaN
NaN,NaN,NaN,NaN
NaN,NaN,NaN,NaN
NaN,NaN,NaN,NaN
NaN,NaN,NaN,NaN
NaN,NaN,NaN,NaN
NaN,NaN,NaN,NaN
NaN,NaN,NaN,NaN
NaN,NaN,NaN,NaN
NaN,NaN,NaN,NaN
NaN,NaN,NaN,NaN
NaN,NaN,NaN,NaN
NaN,NaN,NaN,NaN
NaN,NaN,NaN,NaN
NaN,NaN,NaN,NaN
NaN,NaN,NaN,NaN
NaN,NaN,NaN,NaN
NaN,NaN,NaN,NaN
NaN,NaN,NaN,NaN
NaN,NaN,NaN,NaN
NaN,NaN,NaN,NaN
NaN,NaN,NaN,NaN
NaN,NaN,NaN,NaN
NaN,NaN,NaN,NaN
NaN,NaN,NaN,NaN
NaN,NaN,NaN,NaN
NaN,NaN,NaN,NaN
NaN,NaN,NaN,NaN
NaN,NaN,NaN,NaN
NaN,NaN,NaN,NaN
NaN,NaN,NaN,NaN
NaN,NaN,NaN,NaN
NaN,NaN,NaN,NaN
NaN,NaN,NaN,NaN
NaN,NaN,NaN,NaN
NaN,NaN,NaN,NaN
NaN,NaN,NaN,NaN
NaN,NaN,NaN,NaN
NaN,NaN,NaN,NaN
NaN,NaN,NaN,NaN
NaN,NaN,NaN,NaN
NaN,NaN,NaN,NaN
NaN,NaN,NaN,NaN
NaN,NaN,NaN,NaN
NaN,NaN,NaN,NaN
NaN,NaN,NaN,NaN
NaN,NaN,NaN,NaN
NaN,NaN,NaN,NaN
NaN,NaN,NaN,NaN
NaN,NaN,NaN,NaN
NaN,NaN,NaN,NaN
NaN,NaN,NaN,NaN
NaN,NaN,NaN,NaN
NaN,NaN,NaN,NaN
NaN,NaN,NaN,NaN
NaN,NaN,NaN,NaN
NaN,NaN,NaN,NaN
NaN,NaN,NaN,NaN
NaN,NaN,NaN,NaN
NaN,NaN,NaN,NaN
NaN,NaN,NaN,NaN
NaN,NaN,NaN,NaN
NaN,NaN,NaN,NaN
NaN,NaN,NaN,NaN
NaN,NaN,NaN,NaN
NaN,NaN,NaN,NaN
NaN,NaN,NaN,NaN
NaN,NaN,NaN,NaN
NaN,NaN,NaN,NaN
NaN,NaN,NaN,NaN
NaN,NaN,NaN,NaN
NaN,NaN,NaN,NaN
NaN,NaN,NaN,NaN
NaN,NaN,NaN,NaN
NaN,NaN,NaN,NaN
NaN,NaN,NaN,NaN
NaN,NaN,NaN,NaN
NaN,NaN,NaN,NaN
NaN,NaN,NaN,NaN
NaN,NaN,NaN,NaN
NaN,NaN,NaN,NaN
NaN,NaN,NaN,NaN
NaN,NaN,NaN,NaN
NaN,NaN,NaN,NaN
NaN,NaN,NaN,NaN
NaN,NaN,NaN,NaN
NaN,NaN,NaN,NaN
NaN,NaN,NaN,NaN
NaN,NaN,NaN,NaN
NaN,NaN,NaN,NaN
NaN,NaN,NaN,NaN
NaN,NaN,NaN,NaN
NaN,NaN,NaN,NaN
NaN,NaN,NaN,NaN
NaN,NaN,NaN,NaN
NaN,NaN,NaN,NaN
NaN,NaN,NaN,NaN
NaN,NaN,NaN,NaN
NaN,NaN,NaN,NaN
NaN,NaN,NaN,NaN
NaN,NaN,NaN,NaN
NaN,NaN,NaN,NaN
NaN,NaN,NaN,NaN
NaN,NaN,NaN,NaN
NaN,NaN,NaN,NaN
NaN,NaN,NaN,NaN
NaN,NaN,NaN,NaN
NaN,NaN,NaN,NaN
NaN,NaN,NaN,NaN
NaN,NaN,NaN,NaN
NaN,NaN,NaN,NaN
NaN,NaN,NaN,NaN
NaN,NaN,NaN,NaN
NaN,NaN,NaN,NaN
NaN,NaN,NaN,NaN
NaN,NaN,NaN,NaN
NaN,NaN,NaN,NaN
NaN,NaN,NaN,NaN
NaN,NaN,NaN,NaN
NaN,NaN,NaN,NaN
NaN,NaN,NaN,NaN
NaN,NaN,NaN,NaN
NaN,NaN,NaN,NaN
NaN,NaN,NaN,NaN
NaN,NaN,NaN,NaN
NaN,NaN,NaN,NaN
NaN,NaN,NaN,NaN
NaN,NaN,NaN,NaN
NaN,NaN,NaN,NaN
NaN,NaN,NaN,NaN
NaN,NaN,NaN,NaN
NaN,NaN,NaN,NaN
NaN,NaN,NaN,NaN
NaN,NaN,NaN,NaN
NaN,NaN,NaN,NaN
NaN,NaN,NaN,NaN
NaN,NaN,NaN,NaN
NaN,NaN,NaN,NaN
NaN,NaN,NaN,NaN
NaN,NaN,NaN,NaN
NaN,NaN,NaN,NaN
NaN,NaN,NaN,NaN
NaN,NaN,NaN,NaN
NaN,NaN,NaN,NaN
NaN,NaN,NaN,NaN
NaN,NaN,NaN,NaN
NaN,NaN,NaN,NaN
NaN,NaN,NaN,NaN
NaN,NaN,NaN,NaN
NaN,NaN,NaN,NaN
NaN,NaN,NaN,NaN
NaN,NaN,NaN,NaN
NaN,NaN,NaN,NaN
NaN,NaN,NaN,NaN
NaN,NaN,NaN,NaN
NaN,NaN,NaN,NaN
NaN,NaN,NaN,NaN
NaN,NaN,NaN,NaN
NaN,NaN,NaN,NaN
NaN,NaN,NaN,NaN
NaN,NaN,NaN,NaN
NaN,NaN,NaN,NaN
NaN,NaN,NaN,NaN
NaN,NaN,NaN,NaN
NaN,NaN,NaN,NaN
NaN,NaN,NaN,NaN
NaN,NaN,NaN,NaN
NaN,NaN,NaN,NaN
NaN,NaN,NaN,NaN
NaN,NaN,NaN,NaN
NaN,NaN,NaN,NaN
NaN,NaN,NaN,NaN
NaN,NaN,NaN,NaN
NaN,NaN,NaN,NaN
NaN,NaN,NaN,NaN
NaN,NaN,NaN,NaN
NaN,NaN,NaN,NaN
NaN,NaN,NaN,NaN
NaN,NaN,NaN,NaN
NaN,NaN,NaN,NaN
NaN,NaN,NaN,NaN
NaN,NaN,NaN,NaN
NaN,NaN,NaN,NaN
NaN,NaN,NaN,NaN
NaN,NaN,NaN,NaN
NaN,NaN,NaN,NaN
NaN,NaN,NaN,NaN
NaN,NaN,NaN,NaN
NaN,NaN,NaN,NaN
NaN,NaN,NaN,NaN
NaN,NaN,NaN,NaN
NaN,NaN,NaN,NaN
NaN,NaN,NaN,NaN
NaN,NaN,NaN,NaN
NaN,NaN,NaN,NaN
NaN,NaN,NaN,NaN
NaN,NaN,NaN,NaN
NaN,NaN,NaN,NaN
NaN,NaN,NaN,NaN
NaN,NaN,NaN,NaN
NaN,NaN,NaN,NaN
NaN,NaN,NaN,NaN
NaN,NaN,NaN,NaN
NaN,NaN,NaN,NaN
NaN,NaN,NaN,NaN
NaN,NaN,NaN,NaN
NaN,NaN,NaN,NaN
NaN,NaN,NaN,NaN
NaN,NaN,NaN,NaN
NaN,NaN,NaN,NaN
NaN,NaN,NaN,NaN
NaN,NaN,NaN,NaN
NaN,NaN,NaN,NaN
NaN,NaN,NaN,NaN
NaN,NaN,NaN,NaN
NaN,NaN,NaN,NaN
NaN,NaN,NaN,NaN
NaN,NaN,NaN,NaN
NaN,NaN,NaN,NaN
NaN,NaN,NaN,NaN
NaN,NaN,NaN,NaN
NaN,NaN,NaN,NaN
NaN,NaN,NaN,NaN
NaN,NaN,NaN,NaN
NaN,NaN,NaN,NaN
NaN,NaN,NaN,NaN
NaN,NaN,NaN,NaN
NaN,NaN,NaN,NaN
NaN,NaN,NaN,NaN
NaN,NaN,NaN,NaN
NaN,NaN,NaN,NaN
NaN,NaN,NaN,NaN
NaN,NaN,NaN,NaN
NaN,NaN,NaN,NaN
NaN,NaN,NaN,NaN
NaN,NaN,NaN,NaN
NaN,NaN,NaN,NaN
NaN,NaN,NaN,NaN
NaN,NaN,NaN,NaN
NaN,NaN,NaN,NaN
NaN,NaN,NaN,NaN
NaN,NaN,NaN,NaN
NaN,NaN,NaN,NaN
NaN,NaN,NaN,NaN
NaN,NaN,NaN,NaN
NaN,NaN,NaN,NaN
NaN,NaN,NaN,NaN
94,123,115,143
94,123,115,143
93.999,123.01,114.99,143
93.996,123.02,114.98,143
93.977,123.01,114.96,142.99
93.977,123.01,114.96,142.99
93.983,123.02,114.95,142.99
93.982,123.02,114.95,142.99
93.974,123.03,114.93,142.99
93.977,123.03,114.93,142.99
93.977,123.03,114.93,142.99
93.976,123.03,114.93,142.99
93.975,123.03,114.93,142.99
93.976,123.03,114.93,142.99
93.977,123.03,114.93,142.99
93.998,123.02,114.95,142.98
94.006,123.04,114.94,142.98
93.982,123.04,114.93,142.99
93.982,123.04,114.93,142.99
93.983,123.04,114.93,142.99
93.982,123.04,114.93,142.99
93.992,123.04,114.93,142.99
93.995,123.05,114.93,142.98
93.995,123.05,114.93,142.98
94.004,123.04,114.94,142.98
94.002,123.04,114.94,142.98
94.002,123.04,114.95,142.99
94.003,123.05,114.95,142.99
94.003,123.05,114.95,142.99
94,123.04,114.95,142.99
94.002,123.05,114.95,142.99
94,123.05,114.95,143
93.984,123.04,114.95,143.01
93.984,123.03,114.95,143
93.983,123.03,114.95,143
93.983,123.03,114.95,143
93.983,123.03,114.95,143
93.995,123.03,114.96,143
93.993,123.03,114.95,143
93.992,123.03,114.95,143
93.992,123.03,114.95,143
93.992,123.03,114.95,143
93.992,123.03,114.96,143
93.991,123.04,114.95,143
93.992,123.04,114.95,143
93.992,123.04,114.95,143
93.99,123.04,114.95,143
93.987,123.04,114.94,143
93.984,123.04,114.94,142.99
93.985,123.04,114.94,142.99
93.981,123.03,114.95,143
93.981,123.03,114.95,143
93.983,123.03,114.95,143
93.976,123.03,114.95,143.01
93.967,123.03,114.96,143.02
93.98,123.03,114.94,142.99
93.982,123.03,114.94,142.99
93.982,123.03,114.94,142.99
93.986,123.04,114.94,142.99
93.985,123.03,114.95,143
93.985,123.03,114.95,143
93.985,123.03,114.95,143
93.99,123.03,114.95,143
93.975,123.04,114.95,143.01
93.974,123.04,114.95,143.01
93.973,123.04,114.95,143.02
93.973,123.04,114.95,143.02
93.974,123.04,114.95,143.02
93.972,123.04,114.95,143.02
93.972,123.04,114.95,143.02
93.974,123.04,114.95,143.02
93.974,123.04,114.95,143.02
93.975,123.03,114.96,143.02
93.973,123.03,114.95,143.02
93.973,123.03,114.95,143.02
93.975,123.03,114.96,143.02
93.974,123.03,114.96,143.02
93.976,123.04,114.96,143.02
93.976,123.04,114.96,143.02
94.022,123.05,114.97,143
94.015,123.05,114.96,143
94.013,123.05,114.96,143
94.023,123.06,114.95,142.99
94.025,123.06,114.96,142.99
94.025,123.06,114.96,142.99
94.023,123.06,114.95,142.99
94.024,123.07,114.95,143
94.014,123.06,114.95,143
94.014,123.06,114.95,143
94.015,123.1,114.95,143.04
94.013,123.1,114.94,143.03
93.996,123.09,114.94,143.04
93.996,123.09,114.94,143.04
93.999,123.09,114.94,143.04
93.998,123.09,114.94,143.04
94,123.09,114.94,143.04
94,123.09,114.94,143.04
94.005,123.1,114.95,143.04
94.015,123.1,114.96,143.04
94.018,123.1,114.96,143.04
94.017,123.1,114.96,143.04
94.016,123.1,114.96,143.04
94.016,123.1,114.96,143.04
94.013,123.1,114.95,143.04
94.012,123.11,114.95,143.05
94.014,123.11,114.95,143.05
94.011,123.1,114.95,143.05
94.011,123.1,114.95,143.05
94.023,123.09,114.97,143.04
94.019,123.09,114.97,143.04
94.024,123.1,114.97,143.04
94.025,123.1,114.97,143.04
94.027,123.1,114.97,143.04
94.027,123.1,114.97,143.04
94.044,123.1,114.97,143.04
94.044,123.1,114.97,143.04
94.045,123.1,114.97,143.03
94.056,123.12,114.97,143.04
94.06,123.11,114.97,143.03
94.06,123.11,114.97,143.03
94.061,123.11,114.97,143.02
94.056,123.12,114.96,143.03
94.055,123.12,114.96,143.03
94.056,123.12,114.96,143.03
94.056,123.12,114.96,143.03
94.063,123.12,114.96,143.02
93.829,123.12,114.89,143.18
93.85,123.15,114.88,143.18
93.849,123.14,114.88,143.17
93.846,123.14,114.89,143.18
93.846,123.14,114.89,143.18
93.81,123.15,114.86,143.2
93.833,123.15,114.88,143.2
145.28,72.407,171.01,97.13
146.17,73.643,170.71,97.179
145.45,73.438,170.26,97.235
145.45,73.438,170.26,97.235
144.42,73.226,169.55,97.327
142.93,72.939,168.53,97.503
141.33,72.498,167.12,97.242
139.75,72.233,165.74,97.161
139.75,72.233,165.74,97.161
138.26,71.998,164.32,97.004
136.52,72.05,162.77,97.232
134.23,71.763,160.51,96.977
134.23,71.763,160.51,96.977
132.31,71.951,158.49,97.061
130.35,71.773,156.83,97.18
128.36,71.624,155.09,97.266
127.18,71.4,153.95,97.086
127.18,71.4,153.95,97.086
126.4,71.224,153.24,96.977
125.95,71.328,152.59,96.889
124.5,71,145.5,91
124.5,71,145.5,91
123.53,70.737,144.76,90.958
122.1,70.554,143.43,90.871
121.1,70.182,142.55,90.607
119.82,69.85,141.53,90.531
118.72,69.629,140.68,90.545
118.72,69.629,140.68,90.545
117.91,69.256,140.23,90.515
116.53,68.944,139.22,90.557
115.28,68.466,138.07,90.169
115.28,68.466,138.07,90.169
113.88,68.111,136.61,89.76
112.33,67.927,135.23,89.74
110.59,67.591,133.8,89.703
110.59,67.591,133.8,89.703
108.55,67.361,131.85,89.554
106.24,67.336,129.51,89.502
104.22,67.216,127.53,89.426
102.6,67.012,125.67,88.992
102.6,67.012,125.67,88.992
101.63,66.808,124.76,88.846
100.71,66.441,123.99,88.613
99.748,66.068,123.3,88.504
98.79,65.636,122.55,88.271
98.79,65.636,122.55,88.271
97.947,65.338,121.71,87.974
97.314,65.043,121,87.611
96.441,64.752,120.1,87.291
96.441,64.752,120.1,87.291
95.753,64.534,119.38,87.043
94.85,64.169,118.58,86.778
94.41,63.857,118.02,86.352
94.41,63.857,118.02,86.352
93.546,63.337,117.08,85.756
92.684,62.847,116.23,85.279
92.684,62.847,116.23,85.279
91.685,62.525,115.13,84.861
90.216,62.08,113.76,84.51
88.718,61.908,112.26,84.331
87.02,61.7,110.68,84.239
85.511,61.315,109.23,83.909
84.134,60.91,107.82,83.47
84.134,60.91,107.82,83.47
82.543,60.444,106.12,82.903
82.045,60.343,105.68,82.854
78.8,58.4,99.8,78.4
78.125,58.095,99.048,78.022
78.125,58.095,99.048,78.022
77.594,57.835,98.454,77.701
77.135,57.46,97.957,77.29
76.64,57.343,97.405,77.119
76.64,57.343,97.405,77.119
76.273,56.974,97.097,76.807
75.944,56.772,96.639,76.482
75.618,56.279,96.357,76.03
75.14,55.871,95.837,75.582
74.336,55.218,95.307,75.19
73.411,54.836,94.368,74.795
72.459,54.469,93.49,74.499
72.459,54.469,93.49,74.499
71.382,53.973,92.553,74.136
70.013,53.762,91.24,73.979
68.635,53.525,89.825,73.707
67.547,53.135,88.781,73.358
67.547,53.135,88.781,73.358
66.718,52.684,87.722,72.688
65.819,52.189,86.911,72.277
65.057,51.899,86.082,71.923
65.057,51.899,86.082,71.923
64.618,51.473,85.618,71.473
64.141,51.041,85.141,71.041
63.867,50.848,84.868,70.849
63.374,50.38,84.392,70.397
63.374,50.38,84.392,70.397
63.054,50.157,84.096,70.197
62.706,49.63,83.673,69.599
62.23,48.956,83.305,69.027
61.479,48.411,82.617,68.542
61.479,48.411,82.617,68.542
60.551,47.834,81.773,68.047
59.408,47.314,80.816,67.704
58.518,46.984,79.942,67.388
57.397,46.65,78.831,67.065
57.397,46.65,78.831,67.065
55.92,46.549,77.255,66.868
54.271,46.191,75.702,66.603
52.684,45.684,74.373,66.342
51.386,45.439,73.036,66.059
51.386,45.439,73.036,66.059
50.435,45.162,72.127,65.823
49.447,44.981,71.151,65.652
48.547,44.71,70.218,65.35
47.695,44.365,69.553,65.184
47.145,44.331,69.01,65.157
47.145,44.331,69.01,65.157
46.574,44.094,68.356,64.841
45.898,43.812,67.634,64.515
45.202,43.499,66.97,64.232
44.715,43.053,66.504,63.807
44.715,43.053,66.504,63.807
43.531,42.655,65.635,63.708
42.149,42.262,64.334,63.394
40.985,42.058,63.278,63.292
39.703,41.989,61.943,63.173
39.703,41.989,61.943,63.173
38.334,41.879,60.721,63.202
37.248,41.786,59.59,63.066
35.834,41.787,58.141,63.035
35.834,41.787,58.141,63.035
34.526,41.784,56.725,62.929
33.231,41.518,55.51,62.739
32.745,40.987,55.324,62.495
31.987,40.932,54.6,62.472
24.812,35.361,51.91,61.459
28.4,38,49.4,58
28.454,37.849,49.358,57.757
28.454,37.849,49.358,57.757
28.882,38.09,50.146,58.341
29.057,38.068,50.475,58.467
29.197,38.071,50.689,58.541
29.197,38.071,50.689,58.541
29.226,38.296,50.687,58.737
29.291,38.38,50.687,58.758
29.312,38.642,50.556,58.874
29.365,39.085,50.444,59.16
29.507,39.711,50.439,59.645
29.507,39.711,50.439,59.645
29.576,40.65,49.981,60.083
29.749,41.343,49.632,60.276
29.988,42.972,49.395,61.451
29.804,44.08,48.902,62.264
29.804,44.08,48.902,62.264
29.756,44.902,48.688,62.928
29.58,45.204,48.449,63.17
29.541,45.707,48.165,63.439
29.191,46.183,47.676,63.783
29.178,46.55,47.646,64.134
29.178,46.55,47.646,64.134
29.116,47.247,47.542,64.79
29.049,47.742,47.457,65.267
29.034,48.146,47.477,65.705
29.034,48.146,47.477,65.705
29.071,48.234,47.513,65.792
29.163,48.747,47.478,66.184
29.154,49.176,47.487,66.629
29.452,49.605,47.778,67.053
29.426,50.089,47.718,67.504
29.496,50.565,47.854,68.043
29.496,50.565,47.854,68.043
29.769,51.01,48.122,68.483
29.814,51.366,48.167,68.839
29.821,51.465,48.212,68.974
29.821,51.465,48.212,68.974
29.83,51.959,48.201,69.45
29.894,52.436,48.263,69.924
29.872,52.975,48.207,70.43
30.068,53.431,48.385,70.871
30.068,53.431,48.385,70.871
30.068,53.962,48.345,71.363
30.267,54.343,48.839,72.025
30.242,54.947,48.892,72.704
30.554,55.441,49.185,73.18
30.554,55.441,49.185,73.18
30.593,55.885,49.173,73.575
30.765,56.127,49.245,73.722
31.168,56.525,49.623,74.095
31.583,56.991,50.127,74.647
31.623,57.449,50.188,75.124
31.623,57.449,50.188,75.124
31.928,57.745,50.647,75.568
32.291,58.201,51.103,76.112
32.703,58.622,51.471,76.491
32.98,58.958,51.733,76.813
32.98,58.958,51.733,76.813
33.226,59.074,51.929,76.881
33.363,59.497,52.009,77.251
33.455,60.046,52.079,77.778
33.673,60.822,52.024,78.294
33.801,61.32,52.154,78.793
33.873,61.801,52.252,79.299
33.873,61.801,52.252,79.299
34.048,62.188,52.514,79.769
34.071,62.793,52.644,80.475
34.17,63.222,52.784,80.944
34.271,63.648,52.886,81.371
34.271,63.648,52.886,81.371
26,72.5,47,92.5
26.142,72.671,47.217,92.743
26.486,72.991,47.61,93.11
26.77,73.434,47.822,93.483
26.77,73.434,47.822,93.483
26.964,73.91,48.065,94.006
27.276,74.655,48.503,94.871
27.699,75.367,48.861,95.521
27.699,75.367,48.861,95.521
28.138,75.679,49.203,95.742
28.548,75.826,49.556,95.834
28.638,76.181,49.549,96.095
28.638,76.181,49.549,96.095
28.832,76.572,49.826,96.566
29.014,77.341,49.897,97.229
29.204,78.002,50.042,97.848
29.439,78.532,50.367,98.463
29.569,79.052,50.645,99.124
29.569,79.052,50.645,99.124
29.678,79.912,50.704,99.937
29.804,80.706,51.024,100.92
29.816,81.164,50.962,101.3
29.887,81.636,50.989,101.73
30.098,82.083,51.048,102.04
30.098,82.083,51.048,102.04
30.425,82.704,51.394,102.67
30.741,83.442,51.545,103.26
30.817,83.919,51.803,103.91
30.958,84.482,52.101,104.62
30.958,84.482,52.101,104.62
31.267,85.178,52.665,105.56
31.727,85.809,52.962,106.03
31.94,86.334,53.086,106.47
32.124,86.792,53.251,106.91
32.124,86.792,53.251,106.91
32.18,87.461,53.25,107.53
32.288,88.274,53.237,108.23
32.384,88.973,53.286,108.88
32.764,89.749,53.674,109.66
32.871,90.526,53.79,110.45
32.871,90.526,53.79,110.45
33.112,91.572,54.047,111.51
33.14,92.427,54.088,112.38
33.193,93.037,54.001,112.85
33.465,93.569,54.269,113.38
33.465,93.569,54.269,113.38
33.65,94.143,54.319,113.83
34.202,95.121,54.849,114.78
34.778,95.977,55.208,115.43
35.203,96.83,55.791,116.44
35.203,96.83,55.791,116.44
35.846,97.594,56.458,117.22
36.218,98.672,57.276,118.73
36.921,99.558,57.991,119.63
37.662,100.23,58.737,120.3
38.183,100.97,58.999,120.79
38.616,101.88,59.242,121.52
38.616,101.88,59.242,121.52
39.16,102.69,59.401,121.97
39.712,103.48,59.881,122.68
40.355,104.55,60.474,123.71
40.355,104.55,60.474,123.71
40.904,105.36,61.042,124.54
41.566,106.4,61.769,125.64
42.163,107.15,62.331,126.36
42.557,107.64,62.642,126.77
43.051,108.06,63.055,127.11
43.051,108.06,63.055,127.11
43.563,108.42,63.667,127.56
44.406,109.16,64.423,128.23
45.479,109.91,65.271,128.76
46.452,110.63,66.148,129.38
46.452,110.63,66.148,129.38
47.213,119.78,81.592,152.71
47.666,119.97,82.077,152.93
48.2,120.2,82.618,153.16
48.804,120.38,83.213,153.34
48.804,120.38,83.213,153.34
49.031,120.48,83.245,153.25
49.943,120.6,84.091,153.31
50.486,120.85,84.371,153.3
50.495,120.95,84.385,153.41
50.495,120.95,84.385,153.41
50.791,120.94,84.748,153.46
51.418,121.17,85.202,153.53
51.523,121.19,85.382,153.62
51.757,121.32,85.544,153.68
51.757,121.32,85.544,153.68
52.381,121.22,86.646,154.04
52.52,121.31,86.722,154.07
52.71,121.34,86.914,154.1
52.71,121.34,86.914,154.1
53.845,121.36,88.548,154.6
54.53,121.44,89.369,154.81
54.783,121.56,89.654,154.96
54.848,121.56,89.866,155.1
54.848,121.56,89.866,155.1
64.394,121.75,105.06,160.57
64.849,121.64,105.77,160.7
65.211,121.61,106,160.54
65.778,121.6,106.54,160.5
65.778,121.6,106.54,160.5
66.216,121.72,106.89,160.54
66.317,121.74,106.94,160.51
66.391,121.74,107.01,160.51
66.418,121.76,107.07,160.56
66.418,121.76,107.07,160.56
66.635,121.8,107.3,160.61
66.871,121.82,107.51,160.61
67.185,121.74,108,160.7
67.185,121.74,108,160.7
67.465,121.75,108.28,160.7
67.973,121.8,108.61,160.59
68.071,121.8,108.69,160.57
68.138,121.8,108.76,160.57
68.138,121.8,108.76,160.57
68.155,121.79,108.78,160.57
68.328,121.81,108.93,160.56
68.327,121.79,108.94,160.55
68.327,121.79,108.94,160.55
68.322,121.78,108.95,160.56
68.426,121.73,109.15,160.6
68.472,121.72,109.22,160.61
68.472,121.72,109.22,160.61
68.475,121.69,109.25,160.61
68.471,121.69,109.26,160.61
68.477,121.67,109.25,160.59
68.481,121.67,109.26,160.59
68.481,121.67,109.26,160.59
68.481,121.67,109.26,160.59
68.48,121.67,109.25,160.59
68.478,121.66,109.26,160.59
68.474,121.66,109.27,160.59
68.474,121.66,109.27,160.59
68.479,121.66,109.27,160.59
68.489,121.66,109.28,160.59
68.502,121.65,109.3,160.59
68.504,121.65,109.3,160.59
68.504,121.65,109.3,160.59
68.505,121.65,109.3,160.59
68.51,121.65,109.32,160.61
68.511,121.65,109.33,160.61
68.508,121.65,109.33,160.61
68.509,121.65,109.33,160.61
68.508,121.65,109.33,160.61
68.508,121.65,109.33,160.61
68.508,121.65,109.32,160.61
68.509,121.65,109.32,160.6
68.511,121.65,109.32,160.61
68.515,121.65,109.33,160.6
68.517,121.65,109.33,160.6
68.517,121.65,109.33,160.6
127.83,110.28,162.21,143.21
128.07,110.06,162.44,142.97
128.36,109.88,162.72,142.79
128.41,109.89,162.76,142.79
128.41,109.89,162.76,142.79
128.45,109.83,162.87,142.8
128.55,109.83,162.93,142.77
128.59,109.76,162.98,142.7
128.62,109.72,163.01,142.65
128.66,109.71,163.04,142.64
128.66,109.71,163.04,142.64
128.74,109.67,163.2,142.68
128.82,109.71,163.25,142.68
128.82,109.71,163.23,142.67
128.84,109.7,163.27,142.68
128.85,109.71,163.26,142.67
128.85,109.71,163.26,142.67
128.85,109.71,163.26,142.67
128.87,109.74,163.26,142.68
128.89,109.76,163.24,142.65
128.87,109.75,163.24,142.66
128.87,109.75,163.24,142.66
128.87,109.75,163.23,142.66
128.87,109.75,163.24,142.66
128.88,109.74,163.25,142.66
128.98,109.83,163.31,142.71
129,109.82,163.32,142.69
128.99,109.83,163.31,142.7
128.99,109.83,163.31,142.7
128.99,109.82,163.31,142.7
128.99,109.82,163.31,142.7
128.99,109.81,163.32,142.69
128.99,109.78,163.35,142.69
128.99,109.78,163.35,142.69
129,109.79,163.35,142.69
128.98,109.78,163.34,142.69
128.98,109.78,163.34,142.69
128.97,109.78,163.33,142.69
128.97,109.78,163.33,142.69
128.97,109.78,163.33,142.69
128.96,109.77,163.33,142.69
128.97,109.78,163.32,142.68
128.96,109.77,163.32,142.68
128.96,109.77,163.32,142.68
128.96,109.77,163.33,142.69
128.96,109.77,163.34,142.7
128.97,109.77,163.34,142.69
128.97,109.77,163.35,142.7
128.97,109.77,163.35,142.7
128.98,109.78,163.35,142.7
128.98,109.78,163.35,142.7
128.99,109.78,163.35,142.69
129,109.79,163.35,142.69
129,109.8,163.34,142.69
129,109.8,163.34,142.69
129,109.8,163.34,142.69
129,109.81,163.34,142.7
129,109.81,163.34,142.7
129,109.8,163.34,142.7
128.98,109.8,163.33,142.7
128.99,109.81,163.34,142.71
128.98,109.8,163.34,142.72
128.98,109.8,163.35,142.72
128.98,109.8,163.35,142.72
128.98,109.79,163.35,142.71
128.97,109.79,163.35,142.71
128.98,109.79,163.35,142.71
128.98,109.79,163.35,142.71
128.98,109.78,163.35,142.71
128.98,109.78,163.35,142.71
128.97,109.78,163.35,142.71
128.98,109.77,163.36,142.71
128.98,109.77,163.36,142.71
128.97,109.78,163.36,142.71
128.97,109.78,163.36,142.71
128.97,109.77,163.36,142.71
128.96,109.74,163.37,142.69
128.97,109.74,163.37,142.69
128.96,109.73,163.38,142.7
128.96,109.72,163.38,142.69
128.96,109.73,163.38,142.69
128.96,109.73,163.38,142.69
128.94,109.73,163.37,142.71
128.94,109.74,163.37,142.71
128.94,109.74,163.36,142.71
128.94,109.74,163.36,142.71
128.94,109.74,163.36,142.71
128.93,109.74,163.36,142.71
128.93,109.74,163.36,142.71
128.93,109.73,163.36,142.71
128.93,109.73,163.36,142.71
128.93,109.73,163.36,142.71
128.93,109.73,163.36,142.71
128.94,109.74,163.36,142.71
128.95,109.75,163.36,142.71
128.95,109.75,163.36,142.71
128.94,109.74,163.36,142.71
128.94,109.74,163.36,142.71
128.94,109.74,163.37,142.71
128.94,109.74,163.37,142.71
128.94,109.74,163.36,142.71
128.94,109.74,163.36,142.71
128.94,109.74,163.36,142.71
128.94,109.74,163.36,142.71
128.92,109.72,163.36,142.71
128.92,109.72,163.36,142.71
128.91,109.72,163.35,142.71
128.91,109.72,163.35,142.71
128.91,109.72,163.35,142.71
128.92,109.72,163.36,142.71
128.92,109.72,163.36,142.71
128.92,109.72,163.36,142.71
128.92,109.72,163.36,142.71
128.93,109.71,163.37,142.71
128.93,109.71,163.37,142.71
128.93,109.72,163.37,142.71
128.92,109.71,163.37,142.71
128.92,109.71,163.37,142.71
128.92,109.71,163.37,142.71
128.92,109.71,163.37,142.71
128.92,109.71,163.37,142.71
128.91,109.71,163.36,142.71
128.91,109.71,163.36,142.7
128.91,109.71,163.36,142.7
128.92,109.71,163.36,142.7
128.92,109.72,163.35,142.7
128.92,109.72,163.35,142.69
128.92,109.72,163.36,142.71
128.92,109.72,163.36,142.71
128.91,109.72,163.35,142.7
128.92,109.73,163.35,142.71
128.92,109.73,163.35,142.71
128.91,109.72,163.34,142.71
128.92,109.7,163.36,142.7
128.92,109.7,163.36,142.7
128.92,109.71,163.36,142.7
128.93,109.71,163.36,142.69
128.93,109.71,163.36,142.69
128.93,109.71,163.36,142.69
128.93,109.71,163.36,142.69
128.93,109.71,163.36,142.69
128.92,109.72,163.35,142.69
128.93,109.72,163.35,142.69
128.93,109.72,163.35,142.69
128.93,109.72,163.36,142.69
128.94,109.72,163.36,142.69
128.93,109.72,163.35,142.69
128.93,109.72,163.35,142.68
128.93,109.72,163.35,142.68
128.93,109.72,163.35,142.68
128.94,109.72,163.35,142.68
128.94,109.72,163.35,142.68
128.94,109.72,163.35,142.68
128.94,109.73,163.36,142.68
128.92,109.73,163.3,142.66
128.92,109.73,163.31,142.67
129.02,109.79,163.34,142.65
129.02,109.79,163.34,142.65
129.02,109.79,163.34,142.65
129.02,109.78,163.34,142.65
129.02,109.78,163.34,142.65
129.02,109.78,163.34,142.65
129.02,109.78,163.34,142.65
129.01,109.77,163.34,142.65
129.01,109.78,163.34,142.65
129,109.78,163.33,142.65
129.01,109.78,163.33,142.65
129.01,109.78,163.33,142.65
129.02,109.79,163.32,142.65
129.02,109.79,163.32,142.64
129.02,109.79,163.33,142.65
129.02,109.79,163.32,142.65
129.02,109.79,163.32,142.65
129.02,109.79,163.32,142.64
129.02,109.79,163.32,142.64
129.02,109.8,163.31,142.65
129.01,109.8,163.31,142.65
129.02,109.8,163.31,142.65
129.02,109.8,163.32,142.65
129.02,109.8,163.32,142.65
129.06,109.83,163.31,142.63
129.04,109.82,163.3,142.63
129.05,109.82,163.31,142.63
129.03,109.82,163.29,142.64
129.01,109.84,163.29,142.66
129.01,109.83,163.29,142.66
128.98,109.8,163.29,142.66
128.98,109.8,163.29,142.66
128.97,109.8,163.29,142.67
128.97,109.8,163.29,142.67
128.97,109.8,163.29,142.67
128.98,109.8,163.28,142.66
128.98,109.8,163.28,142.66
128.98,109.8,163.29,142.66
128.98,109.8,163.29,142.66
128.97,109.81,163.29,142.68
128.96,109.81,163.28,142.68
128.96,109.81,163.28,142.68
128.96,109.8,163.29,142.68
128.96,109.8,163.29,142.68
128.96,109.8,163.29,142.68
128.98,109.8,163.3,142.68
128.98,109.8,163.3,142.68
128.99,109.81,163.32,142.68
128.97,109.8,163.31,142.69
128.97,109.81,163.3,142.69
128.97,109.81,163.3,142.69
128.97,109.81,163.3,142.69
128.97,109.81,163.3,142.69
128.97,109.8,163.3,142.69
128.97,109.81,163.31,142.7
128.97,109.81,163.3,142.7
128.96,109.81,163.28,142.69
128.96,109.81,163.28,142.69
128.97,109.81,163.29,142.68
128.97,109.8,163.3,142.68
128.96,109.79,163.29,142.67
128.96,109.79,163.29,142.67
128.96,109.79,163.29,142.67
128.96,109.79,163.29,142.67
128.96,109.79,163.28,142.67
128.95,109.79,163.29,142.68
128.96,109.79,163.29,142.67
128.96,109.79,163.29,142.67
128.96,109.79,163.29,142.67
52.4,38,73.4,58
51.319,37.974,72.314,57.968
50.575,37.757,71.627,57.807
50.575,37.757,71.627,57.807
49.647,37.537,70.821,57.703
48.819,37.543,69.974,57.691
47.538,37.338,68.544,57.344
47.538,37.338,68.544,57.344
46.188,37.147,67.268,57.223
44.797,36.885,65.91,56.993
43.429,36.875,64.563,57.003
41.813,37.032,63.037,57.246
40.11,37.224,61.407,57.508
40.11,37.224,61.407,57.508
38.551,37.383,59.78,57.601
36.978,37.364,58.161,57.539
35.507,37.467,56.649,57.603
34.053,37.513,55.094,57.552
32.629,37.519,53.575,57.467
32.629,37.519,53.575,57.467
31.408,37.232,52.45,57.271
30.341,37.076,51.382,57.115
29.641,37.128,50.553,57.043
29.38,37.224,50.245,57.095
29.38,37.224,50.245,57.095
29.252,37.103,50.184,57.038
29.122,37.265,50.062,57.209
29.052,37.265,50.054,57.266
28.892,37.427,49.846,57.383
28.852,37.452,49.829,57.429
28.852,37.452,49.829,57.429
28.804,37.401,49.72,57.321
28.73,37.329,49.731,57.331
28.754,37.543,49.843,57.628
28.838,37.815,49.689,57.673
28.858,38.086,49.6,57.84
28.858,38.086,49.6,57.84
29.015,38.773,49.339,58.128
28.917,39.563,48.959,58.648
29.219,40.836,48.665,59.353
29.219,40.836,48.665,59.353
29.558,41.897,48.651,60.077
29.818,43.167,48.67,61.117
29.798,43.938,48.536,61.779
29.718,44.321,48.525,62.227
29.718,44.321,48.525,62.227
29.732,44.475,48.453,62.299
29.664,44.964,48.35,62.756
29.609,45.289,48.229,63.017
29.647,45.778,48.255,63.496
29.647,45.778,48.255,63.496
29.655,46.241,48.328,64.02
29.675,46.468,48.322,64.222
29.653,46.514,48.295,64.262
29.683,46.941,48.199,64.57
29.683,46.941,48.199,64.57
29.697,47.028,48.184,64.629
29.806,47.46,48.221,64.993
30.119,47.815,48.415,65.233
30.091,47.886,48.407,65.323
30.091,47.886,48.407,65.323
30.221,48.221,48.779,65.89
30.667,48.414,49.189,66.048
30.615,48.482,49.211,66.188
31.028,48.42,49.684,66.183
31.028,48.42,49.684,66.183
31.083,48.643,49.675,66.344
31.587,49.089,50.091,66.707
31.924,49.576,50.334,67.104
32.771,49.974,51.169,67.49
33.097,49.937,51.504,67.462
33.097,49.937,51.504,67.462
33.566,50.264,52.016,67.83
33.833,50.645,52.324,68.25
34.336,51.072,52.879,68.727
34.781,51.248,53.381,68.957
34.781,51.248,53.381,68.957
34.98,51.362,53.61,69.1
35.55,51.721,54.114,69.396
22.394,53.07,49.492,79.168
22.394,53.07,49.492,79.168
22.455,53.064,49.708,79.311
22.927,53.414,50.176,79.657
23.307,53.525,50.536,79.75
31,59,52,79
31.433,59.305,52.607,79.471
31.963,59.689,53.067,79.788
32.674,60.108,53.763,80.193
32.674,60.108,53.763,80.193
33.547,60.482,54.636,80.567
34.4,60.535,55.397,80.531
34.944,60.643,55.889,80.59
35.801,60.673,56.724,80.599
36.334,61.089,57.234,80.994
37.223,61.492,58.069,81.345
38.068,61.72,58.98,81.636
31.196,57.007,58.378,83.19
31.196,57.007,58.378,83.19
31.723,57.104,59.125,83.499
32.175,57.368,59.536,83.722
32.748,57.721,60.213,84.176
32.748,57.721,60.213,84.176
33.269,58.051,60.853,84.62
33.736,58.106,61.297,84.652
31.236,57.006,64.944,89.247
31.609,56.947,65.582,89.442
31.609,56.947,65.582,89.442
32.55,57.313,66.543,89.828
40.946,61.54,65.46,85.054
41.841,61.922,66.547,85.62
41.841,61.922,66.547,85.62
42.75,62.12,67.536,85.895
43.704,62.487,68.492,86.264
45.103,62.945,69.917,86.747
46.344,62.917,71.218,86.777
46.344,62.917,71.218,86.777
47.569,62.929,72.544,86.886
48.602,62.958,73.536,86.875
49.593,62.898,74.686,86.968
50.608,62.983,75.627,86.982
50.608,62.983,75.627,86.982
51.918,63.314,76.938,87.315
52.909,63.66,78.107,87.831
53.911,63.975,79.138,88.174
55.028,64.139,80.469,88.544
56.038,64.494,81.52,88.938
56.916,64.803,82.54,89.382
57.875,65.137,83.5,89.719
57.875,65.137,83.5,89.719
58.629,65.266,84.239,89.834
59.428,65.258,85.11,89.894
60.256,65.272,85.997,89.965
61.313,65.461,86.933,90.037
61.313,65.461,86.933,90.037
62.32,65.852,87.93,90.419
63.216,65.818,89.047,90.597
64.365,66.201,90.187,90.972
65.452,66.391,91.316,91.202
65.452,66.391,91.316,91.202
66.757,66.819,92.634,91.642
68.145,66.981,94.041,91.823
69.405,67.182,95.228,91.954
69.405,67.182,95.228,91.954
70.716,67.214,96.608,92.052
72.027,67.187,97.87,91.978
73.509,67.495,99.293,92.229
73.509,67.495,99.293,92.229
75.025,67.634,100.78,92.342
76.675,67.835,102.24,92.355
78.137,67.794,103.95,92.558
78.137,67.794,103.95,92.558
79.739,68.102,105.47,92.782
81.092,68.497,106.92,93.278
82.18,68.632,108.08,93.482
82.18,68.632,108.08,93.482
83.088,68.857,108.98,93.697
84.004,68.923,109.84,93.709
84.997,68.894,110.81,93.659
84.997,68.894,110.81,93.659
86.088,68.862,112.02,93.741
82.415,68.453,113.17,98.208
83.504,68.515,114.57,98.574
83.504,68.515,114.57,98.574
84.746,68.547,115.99,98.773
85.931,68.644,117.27,98.967
87.087,68.821,118.35,99.063
88.336,68.898,119.74,99.28
89.664,68.937,121.14,99.391
89.664,68.937,121.14,99.391
91.164,68.987,122.52,99.322
92.359,68.859,123.75,99.233
93.501,68.827,124.98,99.284
94.817,69.027,126.47,99.648
95.744,68.997,127.51,99.733
95.744,68.997,127.51,99.733
96.868,69.014,128.82,99.93
97.932,68.983,130.2,100.21
99.103,68.976,131.56,100.38
99.103,68.976,131.56,100.38
100.13,69.031,132.68,100.53
101.08,69.26,133.52,100.64
101.92,69.229,134.38,100.63
101.92,69.229,134.38,100.63
102.62,69.136,135.11,100.57
103.15,69.203,135.64,100.63
103.65,69.116,136.29,100.7
104.15,69.078,136.9,100.77
104.96,69.047,137.84,100.86
104.96,69.047,137.84,100.86
105.36,68.814,138.51,100.9
105.98,68.697,139.28,100.91
106.72,68.58,140.29,101.07
107.5,68.573,141.09,101.08
107.5,68.573,141.09,101.08
108.58,68.533,142.18,101.04
109.24,68.443,142.88,101
109.97,68.407,143.7,101.05
109.97,68.407,143.7,101.05
110.69,68.261,144.72,101.18
111.05,68.225,145.31,101.37
111.73,68.139,146.22,101.51
112.52,68.187,146.92,101.47
112.72,68.231,147.08,101.49
112.79,68.231,147.2,101.53
112.79,68.231,147.2,101.53
112.78,68.183,147.23,101.52
112.89,68.218,147.35,101.56
112.94,68.216,147.41,101.57
112.94,68.216,147.41,101.57
112.96,68.217,147.45,101.59
112.95,68.213,147.45,101.6
112.92,68.174,147.52,101.65
112.92,68.174,147.52,101.65
112.98,68.223,147.57,101.7
113.02,68.222,147.61,101.7
113.04,68.224,147.63,101.7
113.05,68.226,147.64,101.69
113.05,68.229,147.65,101.7
113.05,68.229,147.65,101.7
113.17,68.249,147.74,101.7
113.17,68.249,147.75,101.71
113.17,68.243,147.75,101.7
113.17,68.248,147.75,101.71
113.17,68.248,147.75,101.71
113.18,68.249,147.74,101.69
113.19,68.248,147.75,101.69
113.2,68.247,147.75,101.68
113.2,68.24,147.75,101.67
113.2,68.24,147.75,101.67
113.2,68.24,147.75,101.67
113.2,68.237,147.75,101.68
113.19,68.232,147.76,101.68
113.11,68.242,147.73,101.73
113.19,68.237,147.83,101.75
113.19,68.237,147.83,101.75
113.19,68.235,147.83,101.75
113.15,68.235,147.79,101.76
113.15,68.241,147.79,101.76
113.15,68.241,147.79,101.76
113.16,68.249,147.79,101.76
113.16,68.249,147.79,101.76
113.16,68.247,147.79,101.75
113.17,68.251,147.79,101.75
113.17,68.251,147.79,101.75
113.16,68.251,147.78,101.75
113.16,68.251,147.78,101.75
113.16,68.252,147.79,101.76
113.16,68.254,147.79,101.76
113.16,68.252,147.79,101.76
113.16,68.253,147.79,101.76
113.16,68.252,147.79,101.76
113.16,68.252,147.79,101.76
113.17,68.246,147.8,101.76
113.16,68.24,147.8,101.76
113.16,68.244,147.8,101.76
113.15,68.243,147.79,101.76
113.16,68.238,147.8,101.76
113.15,68.235,147.8,101.76
113.15,68.235,147.8,101.76
113.16,68.235,147.81,101.76
113.15,68.233,147.81,101.76
113.15,68.233,147.81,101.77
113.15,68.233,147.81,101.77
113.15,68.236,147.8,101.77
113.14,68.225,147.82,101.78
113.14,68.224,147.82,101.78
113.14,68.227,147.82,101.78
113.14,68.227,147.82,101.78
113.14,68.225,147.81,101.77
113.14,68.226,147.81,101.77
113.14,68.225,147.81,101.78
113.14,68.226,147.81,101.77
113.13,68.227,147.8,101.77
113.13,68.227,147.8,101.77
113.13,68.226,147.8,101.77
113.13,68.225,147.81,101.77
113.14,68.225,147.81,101.77
113.14,68.223,147.81,101.77
113.14,68.236,147.81,101.78
113.14,68.237,147.8,101.77
113.14,68.237,147.8,101.77
113.14,68.241,147.8,101.78
113.14,68.242,147.8,101.78
113.14,68.243,147.8,101.78
113.13,68.246,147.79,101.78
113.14,68.247,147.79,101.78
113.14,68.247,147.79,101.78
113.14,68.25,147.79,101.78
113.14,68.247,147.79,101.77
113.14,68.241,147.79,101.77
113.14,68.24,147.8,101.77
113.14,68.241,147.79,101.78
113.14,68.241,147.79,101.78
113.13,68.241,147.8,101.78
113.15,68.249,147.8,101.78
113.15,68.243,147.81,101.78
113.15,68.243,147.81,101.78
113.14,68.24,147.82,101.79
113.15,68.246,147.81,101.78
113.15,68.249,147.8,101.78
113.15,68.25,147.8,101.78
113.14,68.244,147.81,101.79
113.14,68.244,147.81,101.79
113.13,68.246,147.8,101.79
113.14,68.246,147.8,101.79
113.14,68.246,147.8,101.79
113.14,68.25,147.8,101.79
113.14,68.253,147.79,101.79
113.14,68.253,147.79,101.79
113.14,68.255,147.8,101.79
113.14,68.254,147.8,101.79
113.13,68.253,147.8,101.79
113.13,68.252,147.8,101.79
113.15,68.267,147.8,101.8
113.15,68.267,147.8,101.8
113.13,68.26,147.79,101.8
113.14,68.264,147.8,101.8
113.13,68.263,147.8,101.8
113.13,68.265,147.79,101.8
112.99,68.292,147.48,101.66
112.97,68.289,147.47,101.67
112.97,68.289,147.47,101.67
112.96,68.292,147.46,101.67
112.96,68.291,147.46,101.67
112.96,68.288,147.45,101.67
112.95,68.282,147.45,101.67
112.95,68.282,147.45,101.67
112.94,68.283,147.45,101.67
112.94,68.284,147.45,101.67
112.95,68.285,147.45,101.67
112.95,68.284,147.45,101.67
112.95,68.284,147.45,101.67
112.95,68.284,147.45,101.66
112.96,68.286,147.45,101.66
112.96,68.284,147.46,101.67
112.96,68.283,147.46,101.66
112.95,68.296,147.45,101.68
112.94,68.292,147.44,101.67
112.94,68.292,147.44,101.67
112.94,68.289,147.45,101.67
112.94,68.293,147.45,101.68
112.95,68.282,147.46,101.68
112.95,68.282,147.46,101.68
112.95,68.285,147.46,101.68
112.95,68.279,147.46,101.68
112.95,68.279,147.46,101.67
112.98,68.288,147.48,101.67
112.98,68.288,147.48,101.67
112.98,68.287,147.48,101.67
112.98,68.285,147.48,101.67
112.98,68.285,147.48,101.67
112.98,68.285,147.48,101.67
112.99,68.281,147.48,101.66
112.98,68.283,147.48,101.67
112.98,68.286,147.48,101.67
112.98,68.285,147.48,101.67
112.98,68.288,147.48,101.67
113,68.285,147.49,101.66
113,68.285,147.49,101.66
113,68.293,147.48,101.66
113,68.293,147.48,101.66
113.02,68.288,147.5,101.66
113.01,68.285,147.49,101.66
113.01,68.285,147.49,101.65
113.01,68.288,147.49,101.65
113.03,68.286,147.51,101.65
113.03,68.286,147.51,101.65
113.02,68.276,147.52,101.65
113.03,68.279,147.51,101.65
113.03,68.277,147.52,101.65
113.03,68.273,147.52,101.64
113.03,68.275,147.52,101.64
113.04,68.276,147.52,101.64
113.04,68.276,147.52,101.64
113.03,68.275,147.52,101.65
113.04,68.278,147.53,101.65
113.04,68.278,147.53,101.65
113.04,68.275,147.53,101.64
113.04,68.275,147.53,101.64
113.04,68.271,147.53,101.65
113.03,68.269,147.53,101.65
113.03,68.271,147.53,101.65
113.04,68.275,147.53,101.65
113.04,68.275,147.53,101.65
113.04,68.274,147.53,101.65
113.03,68.274,147.53,101.65
113.03,68.265,147.53,101.65
113.03,68.272,147.52,101.64
113.03,68.272,147.52,101.64
113.03,68.272,147.52,101.64
113.03,68.273,147.52,101.65
113.03,68.273,147.52,101.64
113.03,68.273,147.52,101.64
113.03,68.272,147.52,101.64
113.03,68.272,147.52,101.64
113.03,68.271,147.52,101.64
113.02,68.272,147.51,101.64
113.02,68.272,147.51,101.64
113.01,68.271,147.51,101.65
113.01,68.271,147.51,101.65
113.02,68.271,147.51,101.64
113.02,68.27,147.51,101.64
113.04,68.273,147.53,101.65
113.03,68.266,147.53,101.65
113.03,68.266,147.53,101.65
113.02,68.258,147.54,101.66
113.01,68.258,147.54,101.66
113.01,68.257,147.54,101.67
113.01,68.258,147.54,101.66
113.01,68.258,147.54,101.66
113.02,68.258,147.54,101.66
113.01,68.249,147.54,101.66
113.04,68.25,147.55,101.65
113.05,68.251,147.55,101.64
113.05,68.251,147.55,101.64
113.03,68.243,147.57,101.66
113.03,68.249,147.57,101.66
113.03,68.246,147.56,101.66
113.03,68.246,147.56,101.66
113.04,68.245,147.57,101.66
113.04,68.246,147.57,101.66
113.04,68.243,147.58,101.66
113.03,68.237,147.57,101.66
113.03,68.237,147.57,101.66
113.03,68.236,147.58,101.66
113.03,68.235,147.58,101.66
113.04,68.243,147.58,101.66
113.04,68.241,147.58,101.66
113.04,68.241,147.58,101.66
113.04,68.247,147.58,101.67
113.04,68.242,147.59,101.67
113.03,68.239,147.58,101.67
113.03,68.247,147.58,101.68
113.03,68.247,147.58,101.68
113.03,68.244,147.58,101.67
113.03,68.245,147.58,101.67
113.03,68.245,147.58,101.67
113.03,68.247,147.57,101.67
113.04,68.244,147.57,101.66
113.04,68.244,147.57,101.66
113.04,68.245,147.57,101.66
113.05,68.24,147.58,101.65
113.05,68.241,147.58,101.65
113.04,68.24,147.57,101.65
113.04,68.24,147.57,101.65
113.05,68.244,147.58,101.66
113.05,68.244,147.58,101.65
113.05,68.246,147.58,101.66
113.05,68.246,147.58,101.66
112.94,68.231,147.5,101.68
112.94,68.226,147.51,101.67
112.94,68.231,147.51,101.68
112.94,68.225,147.5,101.66
112.94,68.225,147.5,101.66
112.94,68.22,147.5,101.66
112.94,68.218,147.49,101.65
112.94,68.213,147.5,101.65
112.95,68.213,147.5,101.65
112.95,68.213,147.5,101.65
112.94,68.212,147.5,101.65
112.95,68.204,147.51,101.65
112.95,68.2,147.51,101.65
112.94,68.201,147.51,101.65
112.94,68.201,147.51,101.65
112.94,68.201,147.51,101.65
112.93,68.197,147.5,101.65
112.93,68.193,147.5,101.65
112.93,68.193,147.5,101.65
112.93,68.192,147.51,101.65
112.92,68.195,147.51,101.66
112.93,68.207,147.51,101.67
112.93,68.206,147.51,101.66
112.95,68.207,147.52,101.66
112.96,68.211,147.53,101.66
112.96,68.211,147.53,101.66
112.95,68.204,147.53,101.66
112.95,68.203,147.54,101.67
112.94,68.194,147.54,101.67
112.94,68.194,147.54,101.67
112.95,68.195,147.54,101.67
112.94,68.193,147.54,101.67
112.94,68.19,147.53,101.66
112.94,68.193,147.54,101.67
112.94,68.193,147.54,101.67
112.95,68.193,147.53,101.66
112.95,68.194,147.53,101.66
112.95,68.191,147.53,101.65
112.95,68.191,147.53,101.65
112.95,68.196,147.53,101.66
112.96,68.195,147.54,101.65
112.95,68.198,147.53,101.65
112.96,68.194,147.53,101.65
112.95,68.191,147.54,101.66
112.95,68.186,147.54,101.65
112.95,68.186,147.54,101.65
112.95,68.187,147.54,101.65
112.95,68.183,147.54,101.65
112.95,68.181,147.54,101.65
112.95,68.184,147.55,101.65
112.95,68.181,147.54,101.65
112.95,68.181,147.54,101.65
112.96,68.184,147.54,101.65
112.96,68.183,147.54,101.65
112.97,68.185,147.55,101.64
112.96,68.184,147.54,101.64
112.96,68.184,147.54,101.64
112.96,68.193,147.55,101.66
112.96,68.19,147.55,101.66
112.96,68.19,147.55,101.66
112.96,68.195,147.54,101.66
112.96,68.195,147.54,101.66
112.97,68.2,147.55,101.67
112.97,68.203,147.55,101.66
111.42,68.244,145.98,101.69
109.42,68.231,144,101.69
109.42,68.231,144,101.69
107.88,68.277,142.43,101.71
106.16,68.527,140.57,101.82
104.4,68.566,138.85,101.9
101.92,68.689,136.29,101.94
99.232,68.788,133.64,102.08
96.677,68.827,131.05,102.08
96.677,68.827,131.05,102.08
94.135,68.977,128.42,102.15
91.698,69.187,126.05,102.42
89.175,69.277,123.59,102.58
89.175,69.277,123.59,102.58
86.12,69.912,120.48,103.16
84.015,71.297,118.62,104.78
82.141,73.366,116.7,106.81
80.22,75.798,114.85,109.3
80.231,78.125,114.9,111.67
80.392,80.208,115.15,113.84
80.448,82.617,115.12,116.16
80.448,82.617,115.12,116.16
80.441,85.017,115.18,118.63
80.506,87.095,115.2,120.67
80.371,89.712,114.92,123.14
78.406,92.073,112.99,125.54
76.598,94.58,111.21,128.07
76.598,94.58,111.21,128.07
74.812,96.94,109.57,130.57
72.565,99.782,106.99,133.09
70.087,102.12,104.83,135.74
65.646,104.94,100.54,138.7
65.646,104.94,100.54,138.7
59.082,107.74,94.634,142.14
50.366,110.18,87.026,145.66
39.923,113.28,77.522,149.66
27.559,116.03,67.116,154.31
27.559,116.03,67.116,154.31
13.627,118.78,55.525,159.32
67,127,88,147
54.306,130.78,75.805,151.26
39.812,135.03,62.035,156.2
27.126,139.24,50.624,161.62
27.126,139.24,50.624,161.62
13.672,143.61,38.34,167.11
2.3137,145.91,27.902,170.29
32.703,65.297,57.218,88.812
23.778,62.764,49.358,87.302
23.778,62.764,49.358,87.302
15.82,59.99,42.536,85.62
7.4427,57.31,35.321,84.057
24,69.188,48.515,92.703
24,69.188,48.515,92.703
21.255,68.39,45.761,91.897
21.267,68.284,45.773,91.79
21.274,67.261,45.793,90.78
21.25,66.255,45.788,89.792
21.25,66.255,45.788,89.792
21.295,64.853,45.831,88.389
21.327,63.392,45.858,86.922
21.319,62.344,45.839,85.864
21.302,61.328,45.827,84.852
21.312,59.864,45.816,83.369
21.312,59.864,45.816,83.369
21.348,58.877,45.834,82.364
21.407,57.515,45.769,80.883
21.393,56.51,45.761,79.883
21.393,56.51,45.761,79.883
21.388,55.515,45.745,78.878
21.373,54.492,45.744,77.869
21.373,53.495,45.748,76.875
21.359,52.014,45.758,75.417
21.359,52.014,45.758,75.417
21.37,51.009,45.772,74.415
21.365,49.808,45.785,73.232
21.372,48.474,45.785,71.892
21.342,47.387,45.787,70.836
21.342,47.387,45.787,70.836
21.371,46.003,45.794,69.429
21.398,45.002,45.802,68.411
21.39,43.52,45.803,66.937
21.39,43.52,45.803,66.937
21.383,42.412,45.812,65.844
21.39,40.95,45.814,64.378
21.386,39.904,45.815,63.337
21.386,39.904,45.815,63.337
21.375,38.909,45.794,62.332
21.378,38.888,45.828,62.34
21.361,38.885,45.801,62.327
21.374,38.686,45.793,62.109
21.372,38.776,45.787,62.195
21.372,38.776,45.787,62.195
21.373,38.778,45.785,62.194
21.364,38.546,45.788,61.973
21.367,38.552,45.796,61.984
21.367,38.55,45.796,61.982
21.367,38.548,45.793,61.978
21.367,38.548,45.793,61.978
21.367,38.549,45.792,61.977
21.364,38.545,45.795,61.98
21.363,38.55,45.8,61.99
21.362,38.547,45.8,61.988
21.369,38.548,45.813,61.994
21.369,38.548,45.813,61.994
21.368,38.547,45.813,61.995
21.37,38.547,45.811,61.992
21.357,38.528,45.813,61.986
21.351,38.529,45.809,61.989
21.351,38.529,45.809,61.989
21.354,38.537,45.815,62.001
21.355,38.539,45.808,61.994
21.353,38.544,45.815,62.008
21.355,38.539,45.814,62
21.356,38.54,45.82,62.006
21.356,38.54,45.82,62.006
21.36,38.533,45.824,62
21.361,38.534,45.824,62
21.36,38.536,45.822,62
21.361,38.533,45.821,61.996
21.361,38.533,45.821,61.996
21.362,38.537,45.821,61.998
21.358,38.536,45.823,62.003
21.359,38.536,45.823,62.002
21.359,38.536,45.823,62.002
21.365,38.543,45.826,62.005
21.363,38.542,45.827,62.007
21.363,38.542,45.827,62.007
21.364,38.542,45.829,62.009
21.364,38.542,45.832,62.011
21.366,38.545,45.832,62.013
21.363,38.541,45.828,62.008
21.37,38.547,45.826,62.005
21.37,38.547,45.826,62.005
21.373,38.547,45.825,62.001
21.383,38.55,45.817,61.987
21.383,38.551,45.812,61.984
21.383,38.553,45.806,61.98
21.383,38.553,45.806,61.98
21.379,38.553,45.802,61.979
21.38,38.551,45.8,61.974
21.377,38.554,45.794,61.975
21.377,38.554,45.794,61.975
21.377,38.557,45.791,61.975
21.354,38.562,45.765,61.976
21.351,38.558,45.764,61.974
21.351,38.558,45.764,61.974
21.344,38.567,45.756,61.983
21.347,38.574,45.753,61.984
21.228,38.613,45.601,61.992
21.329,38.561,45.75,61.986
21.329,38.561,45.75,61.986
24.803,38.601,49.191,61.995
28.266,38.554,52.723,62.013
33.164,38.535,57.399,61.781
39.318,38.181,63.76,61.626
39.318,38.181,63.76,61.626
45.336,37.72,69.757,61.145
52.399,37.625,76.902,61.128
60.838,37.495,85.397,61.053
60.838,37.495,85.397,61.053
68.903,37.043,93.522,60.658
77.422,37.039,102.02,60.631
85.658,37.011,110.27,60.615
85.658,37.011,110.27,60.615
93.821,37.029,118.45,60.651
102.33,37.007,126.97,60.634
110.37,36.658,134.99,60.27
118.87,36.654,143.49,60.273
127.35,36.641,151.99,60.274
135.34,36.579,160,60.238
135.34,36.579,160,60.238
143.32,36.876,167.94,60.49
151.38,36.843,175.98,60.442
159.55,36.797,184.1,60.341
167.48,36.932,192.06,60.502
167.48,36.932,192.06,60.502
175.51,36.935,200.08,60.502
183.51,36.937,208.07,60.496
191.9,37.02,216.52,60.635
199.89,37.059,224.62,60.783
207.88,37.08,232.61,60.808
207.88,37.08,232.61,60.808
216.41,37.135,241.12,60.84
224.37,37.154,249.12,60.895
232.86,37.402,257.63,61.159
241.34,37.487,266.11,61.253
241.34,37.487,266.11,61.253
249.85,38.004,274.61,61.751
258.3,38.429,283.06,62.178
266.46,38.659,291.22,62.41
274.93,39.14,299.69,62.894
274.93,39.14,299.69,62.894
283.77,39.677,308.51,63.411
68,107.33,120,158.33
72.552,106.07,125.55,158.05
72.552,106.07,125.55,158.05
77.023,105.5,130.97,158.41
81.221,104.15,136.18,158.05
85.459,102.8,140.22,156.51
89.437,101.14,144.98,155.62
89.437,101.14,144.98,155.62
93.201,100.4,149.92,156.03
96.864,100.11,154,156.14
100.67,99.986,158.23,156.44
100.67,99.986,158.23,156.44
104.49,100.07,160.75,155.25
107.64,100.19,162.84,154.33
112.46,99.932,168.09,154.49
112.46,99.932,168.09,154.49
118.49,99.845,174.46,154.74
123.28,99.248,180.02,154.9
127.86,98.718,184.44,154.21
127.86,98.718,184.44,154.21
132.26,97.9,189.24,153.79
137.03,96.989,194.59,153.44
141.81,95.907,200.39,153.37
146.51,95.031,205.05,152.45
146.51,95.031,205.05,152.45
151.54,94.037,209.37,150.76
146.93,91.862,197.3,141.07
148.81,91.632,199.52,141.17
145.42,90.272,197.04,140.71
145.42,90.272,197.04,140.71
142.24,88.768,193.71,139.05
138.95,87.499,190.39,137.76
135.8,86.896,187.05,136.97
131.75,86.5,183.14,136.71
131.75,86.5,183.14,136.71
128.1,85.867,179.41,136
125.07,84.624,176.26,134.63
122.25,83.33,174.09,133.97
122.25,83.33,174.09,133.97
120.62,82.662,172.69,133.54
118.27,81.532,170.75,132.8
116.36,80.596,169.68,132.69
115.1,79.693,168.25,131.62
114.2,79.381,166.64,130.61
113.66,79.444,165.4,129.99
113.76,79.963,164.49,129.52
113.76,79.963,164.49,129.52
114.9,80.529,164.04,128.53
115.81,80.312,163.29,126.69
117.5,80.981,163.35,125.77
117.85,80.527,162.12,123.78
117.85,80.527,162.12,123.78
118.44,81.356,161.66,123.58
118.6,81.724,160.8,122.95
119.56,82.747,160.47,122.71
119.97,82.935,159.26,121.31
119.97,82.935,159.26,121.31
118.8,83.024,157.87,121.19
120.69,79.396,155.32,112.62
119.29,78.662,153.78,111.75
118.05,78.154,152.19,110.91
116,84,137,104
116,84,137,104
111.68,83.113,132.73,103.16
107.23,82.901,128.26,102.93
103.79,82.595,124.89,102.69
103.79,82.595,124.89,102.69
98.715,82.147,119.89,102.31
92.265,82.009,113.35,102.09
86.191,81.941,107.29,102.04
80.181,81.456,101.26,101.53
80.181,81.456,101.26,101.53
74.737,80.9,95.605,100.77
68.284,80.416,89.129,100.27
61.346,80.069,82.26,99.986
61.346,80.069,82.26,99.986
54.505,79.921,75.581,99.993
47.334,79.689,68.367,99.721
44.36,79.466,65.271,99.381
44.36,79.466,65.271,99.381
42.364,79.432,63.303,99.374
41.26,78.89,62.123,98.76
40.251,78.278,61.042,98.078
38.907,77.402,59.803,97.303
38.113,76.971,58.851,96.721
37.224,76.522,57.969,96.279
36.622,75.908,57.555,95.844
36.622,75.908,57.555,95.844
36.348,75.667,57.215,95.54
36.319,75.595,57.176,95.458
36.185,75.179,56.975,94.979
36.315,75.01,57.031,94.739
36.353,74.522,56.939,94.128
36.218,73.706,56.793,93.3
35.955,72.903,56.54,92.507
35.955,72.903,56.54,92.507
35.402,72.132,56.358,92.091
34.735,71.561,55.774,91.598
33.697,71.045,54.894,91.233
32.819,70.789,54.149,91.104
31.498,70.571,52.782,90.841
30.048,70.14,51.388,90.464
28.744,69.604,50.134,89.976
28.744,69.604,50.134,89.976
27.485,69.336,48.888,89.721
26.297,68.577,47.882,89.135
25.494,67.812,46.955,88.252
24.503,67.223,46.148,87.838
24.503,67.223,46.148,87.838
24.198,67.176,45.707,87.662
23.712,67.14,45.225,87.629
23.955,67.172,45.192,87.398
24.159,68.168,44.98,87.996
24.159,68.168,44.98,87.996
24.272,68.418,44.996,88.154
24.397,68.533,45.059,88.21
24.18,68.647,44.75,88.236
23.947,68.609,44.555,88.235
23.947,68.609,44.555,88.235
23.487,68.621,44.092,88.244
23.496,68.62,44.073,88.216
23.475,68.706,44.103,88.351
23.475,68.706,44.103,88.351
23.392,69.05,43.771,88.457
23.347,69.537,43.468,88.697
23.504,70.638,42.859,89.068
23.829,71.261,42.529,89.066
23.829,71.261,42.529,89.066
23.931,73.298,42.382,90.865
23.97,75.087,41.797,92.058
24.033,75.627,41.738,92.482
24.033,75.627,41.738,92.482
23.749,76.099,41.152,92.666
23.512,76.769,40.726,93.156
23.199,77.506,40.359,93.841
23.199,77.506,40.359,93.841
23.013,78.312,40.095,94.572
22.614,79.255,39.814,95.627
22.626,79.724,39.76,96.033
22.677,79.981,39.962,96.435
22.677,79.981,39.962,96.435
23.076,80.369,40.402,96.862
23.149,80.874,40.552,97.441
23.454,81.497,40.8,98.009
23.871,82.032,41.36,98.682
23.871,82.032,41.36,98.682
24.343,82.752,41.883,99.45
24.926,83.382,42.476,100.09
25.342,83.678,42.855,100.35
25.908,83.795,43.381,100.43
25.908,83.795,43.381,100.43
26.052,84.141,43.599,100.85
26.203,84.697,43.696,101.35
26.53,85.541,43.841,102.02
26.995,86.105,44.35,102.63
27.484,86.573,45.109,103.35
27.484,86.573,45.109,103.35
28.12,87.489,46.254,104.75
29.017,88.69,47.152,105.96
29.712,89.38,47.59,106.4
30.195,89.482,48.032,106.46
30.195,89.482,48.032,106.46
30.642,89.837,48.496,106.83
31.077,89.851,48.96,106.87
31.741,90.319,49.53,107.25
31.741,90.319,49.53,107.25
32.359,90.456,50.165,107.41
33.291,90.921,51.226,108
34.264,91.68,52.231,108.79
35.324,92.429,53.302,109.54
36.769,92.784,54.656,109.81
36.769,92.784,54.656,109.81
37.87,93.028,55.652,109.96
38.878,93.088,56.587,109.95
39.599,93.54,57.345,110.43
40.389,94.102,57.979,110.85
40.389,94.102,57.979,110.85
41.166,94.528,58.831,111.34
42.092,95.07,59.72,111.85
42.92,95.91,60.649,112.79
43.58,96.869,61.353,113.79
44.513,98.246,62.33,115.21
45.032,99.164,62.871,116.15
45.032,99.164,62.871,116.15
45.303,99.578,63.135,116.55
45.628,99.61,63.446,116.57
46.008,100.14,63.701,116.98
46.371,100.67,63.964,117.41
46.887,101.52,64.498,118.28
46.887,101.52,64.498,118.28
47.272,102.34,64.963,119.18
47.665,103.29,65.413,120.19
48.159,104.64,65.934,121.56
48.241,105.99,66.076,122.97
49.152,106.8,66.71,123.51
49.449,106.85,66.945,123.5
49.449,106.85,66.945,123.5
49.731,107.22,67.169,123.82
49.773,107.68,67.231,124.3
36.373,112.98,59.578,135.19
36.373,112.98,59.578,135.19
36.363,114.26,59.556,136.45
36.331,115.29,59.535,137.49
36.182,116.76,59.517,139.09
35.907,118.49,59.353,140.93
35.907,118.49,59.353,140.93
35.439,119.69,58.653,141.91
34.879,120.28,57.967,142.37
34.638,120.81,57.417,142.61
34.461,121.2,57.157,142.91
34.461,121.2,57.157,142.91
34.241,121.89,56.767,143.44
33.618,122.39,56.12,143.92
33.272,123.32,55.561,144.64
32.898,123.96,55.18,145.28
32.043,125.13,54.523,146.64
31.213,126.45,53.928,148.18
31.213,126.45,53.928,148.18
30.911,126.93,53.476,148.52
30.709,126.92,53.252,148.49
30.642,126.94,53.191,148.52
30.431,127.06,53.049,148.71
30.431,127.06,53.049,148.71
30.34,127.63,52.959,149.27
30.229,128.43,52.93,150.15
30.249,129.15,52.822,150.75
30.249,129.15,52.822,150.75
30.145,130.65,52.524,152.06
30.158,131.09,52.487,152.45
29.985,131.88,52.329,153.26
29.515,131.1,51.912,152.53
29.515,131.1,51.912,152.53
28.903,130.05,51.094,151.29
28.188,128.65,50.415,149.92
27.072,127.32,49.154,148.45
27.072,127.32,49.154,148.45
25.897,125.76,48.15,147.06
24.722,124.42,47.271,146
23.904,122.97,46.17,144.27
22.836,121.25,45.208,142.66
22.836,121.25,45.208,142.66
22.378,119.74,44.678,141.07
21.762,118.09,44.028,139.39
21.577,116.44,43.783,137.69
21.577,116.44,43.783,137.69
21.458,115.14,43.617,136.35
21.394,114.4,43.687,135.73
21.315,114.84,43.73,136.28
21.34,115.02,43.766,136.48
21.34,115.02,43.766,136.48
21.316,115.05,43.751,136.51
21.615,115.09,44.079,136.59
21.677,115.2,44.173,136.73
21.677,115.2,44.173,136.73
21.888,116.28,44.612,138.02
21.888,116.28,44.612,138.02
21.921,117.24,44.882,139.21
22.106,118.09,45.244,140.23
22.579,119.01,45.771,141.2
22.579,119.01,45.771,141.2
23.245,119.84,46.34,141.94
23.563,120.6,46.698,142.74
24.601,121.82,47.546,143.78
25.882,123.32,48.775,145.23
26.491,124.62,49.665,146.8
26.946,125.54,49.968,147.57
26.946,125.54,49.968,147.57
27.762,126.25,50.654,148.16
27.909,126.89,51.021,149.01
25.957,128.26,49.248,150.55
24.311,129.8,47.523,152.01
24.311,129.8,47.523,152.01
22.337,131.02,45.574,153.26
20.717,132.45,43.96,154.69
19.298,133.97,42.665,156.33
18.306,136.2,41.712,158.6
18.306,136.2,41.712,158.6
17.268,137.7,40.698,160.12
16.231,138.7,39.538,161
