58,100,85,122
59.522,100.05,86.517,122.05
61.036,100.13,88.092,122.17
62.387,100.1,89.57,122.25
62.387,100.1,89.57,122.25
63.892,100.51,91.136,122.72
65.62,100.93,92.958,123.21
67.315,101.34,94.663,123.63
68.74,101.84,96.11,124.15
68.74,101.84,96.11,124.15
69.868,102.23,97.346,124.62
71.184,102.77,98.621,125.13
70.433,103.19,97.828,125.52
69.308,103.39,96.665,125.69
68.166,103.78,95.419,125.99
68.166,103.78,95.419,125.99
67.171,103.92,94.379,126.09
66.192,104.36,93.561,126.66
65.215,104.91,92.632,127.25
65.215,104.91,92.632,127.25
64.627,105.39,92.031,127.72
64.231,106.08,91.416,128.23
64.342,106.6,91.563,128.78
66.243,106.95,93.554,129.21
68.25,107.18,95.378,129.28
68.25,107.18,95.378,129.28
71.448,107.25,98.388,129.2
75.137,107.41,101.89,129.21
79.64,107.7,106.26,129.39
84.865,107.86,110.6,128.83
88.643,108.1,114.16,128.88
90.162,108.33,115.67,129.11
91.694,108.78,117.18,129.54
91.694,108.78,117.18,129.54
92.961,108.94,118.75,129.94
94.216,109.12,120.11,130.21
95.102,109.26,121.03,130.38
95.102,109.26,121.03,130.38
96.156,109.34,122.06,130.44
97.676,109.72,123.45,130.71
98.679,109.72,124.53,130.78
98.679,109.72,124.53,130.78
100.16,110.12,126,131.16
101.47,110.25,127.16,131.17
103.07,110.66,128.56,131.42
104.47,110.85,129.96,131.61
104.47,110.85,129.96,131.61
105.94,109.12,131.5,129.94
107.91,106.67,133.27,127.32
107.91,106.67,133.27,127.32
109.23,104.26,134.4,124.76
110.33,102.09,135.61,122.68
111.51,99.933,137.17,120.83
115.3,99.956,140.82,120.73
116.96,98.707,142.19,119.26
116.96,98.707,142.19,119.26
118.43,97.524,143.66,118.07
119.75,97.503,145.21,118.24
121.01,97.865,146.51,118.63
122.07,97.882,147.65,118.72
122.07,97.882,147.65,118.72
123.08,98.035,148.58,118.8
123.95,98.012,149.5,118.82
125.29,98.259,150.79,119.03
126.36,98.271,151.83,119.01
126.36,98.271,151.83,119.01
127.67,98.455,153.32,119.35
129,98.564,154.71,119.5
130.06,98.794,155.71,119.68
131.15,98.926,156.8,119.82
132.41,99.124,157.95,119.92
132.41,99.124,157.95,119.92
133.79,99.234,159.37,120.07
135.22,99.22,160.73,119.99
136.73,99.12,162.13,119.81
138.13,98.96,163.81,119.88
139.36,99.093,165.21,120.15
139.36,99.093,165.21,120.15
140.77,99.185,166.7,120.31
142.38,99.507,167.93,120.32
143.64,99.549,169.19,120.35
144.87,99.934,170.24,120.59
145.82,100.07,171.04,120.61
145.82,100.07,171.04,120.61
146.77,100.03,172.03,120.61
149.49,100.13,174.9,120.82
150.1,100.15,175.48,120.83
150.88,100.14,176.4,120.92
155.77,100.19,181.35,121.03
156.59,100.22,182.26,121.12
156.59,100.22,182.26,121.12
157.2,100.37,183.01,121.4
159.58,102.36,185.42,123.4
160,102.39,185.68,123.3
164.52,102.38,190.21,123.3
164.52,102.38,190.21,123.3
165.02,102.39,191,123.54
165.47,102.45,191.79,123.89
166.15,102.37,193.06,124.29
166.83,102.23,193.97,124.35
166.83,102.23,193.97,124.35
167.28,102.15,195.03,124.76
167.96,102.23,196.25,125.29
168.81,102.46,197.26,125.65
168.81,102.46,197.26,125.65
169.65,102.85,198.4,126.29
170.13,103.02,199.37,126.87
170.35,103.3,199.88,127.38
170.74,103.54,200.17,127.54
177.01,105.54,206.57,129.64
177.01,105.54,206.57,129.64
177.35,105.69,207,129.86
177.55,105.94,207.32,130.22
177.98,106.29,207.76,130.58
178.46,106.69,208.23,130.96
178.79,106.93,208.6,131.24
178.79,106.93,208.6,131.24
179.07,107.17,208.81,131.41
179.36,107.52,209.05,131.73
180,107.97,209.57,132.08
184.33,108.38,213.79,132.4
184.33,108.38,213.79,132.4
184.39,108.79,213.83,132.8
184.72,109.14,213.99,133.01
184.91,109.27,214.11,133.08
184.91,111.27,214.11,135.08
184.58,111.74,213.73,135.5
184.61,112.16,213.63,135.82
184.47,112.61,213.21,136.04
184.47,112.61,213.21,136.04
184.14,112.99,212.76,136.32
185.57,115.32,214.27,138.71
184.82,115.76,213.39,139.05
183.16,116.02,212.22,139.72
182.08,116.24,211.21,139.99
182.08,116.24,211.21,139.99
183.01,114.29,212.38,138.23
182.02,114.75,211.36,138.67
181.1,115.09,210.41,138.99
181.1,115.09,210.41,138.99
180.27,115.61,209.49,139.44
179.52,116.01,208.83,139.91
178.68,116.35,208.16,140.39
178.68,116.35,208.16,140.39
177.8,116.84,207.45,141.02
176.67,117.19,206.39,141.41
175.75,121.93,205.37,146.08
174.73,122.32,204.41,146.52
173.48,122.43,203.18,146.65
173.48,122.43,203.18,146.65
172.46,122.28,201.83,146.22
171.36,122.35,200.63,146.21
170.2,122.49,199.43,146.32
168.98,123,198.22,146.84
168.98,123,198.22,146.84
167.23,123.07,196.47,146.9
165.58,123.39,194.92,147.31
163.86,122.99,193.27,146.97
162.48,121.78,191.97,145.83
160.66,120.06,190,143.98
160.66,120.06,190,143.98
158.89,117.47,188.12,141.3
157.07,114.87,186.38,138.77
155.18,112.11,184.54,136.05
153.22,109.8,182.69,133.83
151.01,107.37,180.53,131.44
152.01,108.37,183.53,134.44
149.85,106.34,181.3,132.35
147.87,104.41,178.91,130.08
145.95,103.23,176.65,128.62
145.95,103.23,176.65,128.62
144.13,102.1,174.44,127.16
142.37,100.87,172.51,125.8
140.58,99.297,171.03,124.47
140.58,99.297,171.03,124.47
139.12,98.163,169.77,123.51
137.41,98.111,167.89,123.31
135.99,97.91,166.54,123.17
134.42,97.814,165.11,123.19
134.42,97.814,165.11,123.19
132.83,97.639,163.59,123.08
131.15,97.507,161.71,122.78
130.02,97.21,160.67,122.56
130.02,97.21,160.67,122.56
128.57,96.946,159.56,122.58
127.15,96.718,158.02,122.24
127.15,96.718,158.02,122.24
125.64,96.132,156.5,121.65
124.1,95.74,154.97,121.27
122.42,95.576,153.21,121.04
120.66,95.575,151.46,121.04
118.74,95.564,149.59,121.08
118.74,95.564,149.59,121.08
116.73,95.395,147.59,120.92
114.87,95.342,145.6,120.75
114.87,95.342,145.6,120.75
112.79,93.339,143.56,118.79
110.95,93.258,141.64,118.63
109.43,92.893,140.22,118.36
107.98,92.86,138.9,118.43
106.73,92.64,137.56,118.14
105.61,92.132,136.67,117.82
105.61,92.132,136.67,117.82
104.43,91.864,135.59,117.64
103.63,91.608,134.82,117.4
102.65,91.331,133.99,117.26
101.73,88.922,133.09,114.86
101.73,88.922,133.09,114.86
100.91,88.354,132.65,114.61
100.36,88.048,131.79,114.04
99.378,87.236,130.81,113.23
99.378,87.236,130.81,113.23
98.31,86.717,129.89,112.84
96.848,86.034,128.81,112.47
95.352,85.535,127.62,112.23
93.91,85.323,126.17,112.01
93.91,85.323,126.17,112.01
92.308,84.926,124.69,111.71
90.683,84.412,123.25,111.36
89.299,84.009,121.72,110.83
87.821,83.566,120.26,110.4
87.821,83.566,120.26,110.4
86.651,83.211,118.6,109.63
85.79,82.804,117.62,109.13
84.625,82.096,116.94,108.83
83.767,81.636,116.03,108.32
87.767,79.636,116.03,102.32
86.815,78.817,115.36,101.73
86.258,78.274,114.96,101.32
85.889,77.921,114.48,100.88
85.889,77.921,114.48,100.88
85.393,77.398,114.03,100.39
85.147,76.643,113.73,99.589
84.852,76.187,113.14,98.896
84.293,75.415,112.56,98.109
83.235,74.782,111.71,97.644
79.246,75.055,105.85,96.018
79.246,75.055,105.85,96.018
78.183,74.488,104.99,95.611
77.111,74.041,104.11,95.316
76.04,73.678,102.99,94.918
74.684,73.219,101.63,94.46
74.684,73.219,101.63,94.46
73.656,72.825,100.56,94.03
72.611,72.746,99.262,93.748
71.939,72.281,98.342,93.086
73.361,69.829,99.606,90.507
73.361,69.829,99.606,90.507
72.724,68.956,99.095,89.735
72.1,68.439,98.604,89.324
71.557,67.991,98.06,88.874
71.172,67.384,97.873,88.426
71.172,67.384,97.873,88.426
71.201,66.453,97.775,87.394
71.201,66.453,97.775,87.394
71.203,66.015,97.724,86.913
71.452,65.771,97.711,86.461
71.348,65.325,97.457,85.895
71.348,65.325,97.457,85.895
71.261,64.55,97.273,85.043
70.732,63.825,96.764,84.334
70.306,63.419,96.448,84.015
69.641,62.911,95.784,83.509
69.641,62.911,95.784,83.509
69.076,62.385,95.315,83.059
68.324,62.037,94.504,82.664
67.762,61.437,94.087,82.179
67.529,60.848,94.151,81.827
67.15,60.073,93.757,81.04
67.15,60.073,93.757,81.04
67.215,59.704,93.629,80.518
66.927,59.157,93.513,80.106
66.767,58.767,93.406,79.758
66.767,58.767,93.406,79.758
66.875,58.317,93.786,79.526
67.005,57.877,93.763,78.964
67.21,57.71,89.736,74.612
67.498,57.412,89.771,74.122
67.498,57.412,89.771,74.122
67.778,57.062,89.778,73.564
67.804,56.719,89.758,73.186
67.516,56.131,89.505,72.625
67.42,55.623,89.432,72.133
67.42,55.623,89.432,72.133
67.072,55.242,89.239,71.872
66.856,54.882,88.977,71.477
66.273,54.69,88.292,71.207
65.696,54.043,87.695,70.545
65.348,53.584,87.28,70.034
65.348,53.584,87.28,70.034
64.97,52.928,86.83,69.324
64.607,52.495,86.546,68.95
64.444,51.981,86.403,68.452
64.444,51.981,86.403,68.452
64.242,51.524,86.174,67.975
64.347,51.309,86.276,67.758
64.494,51.023,86.348,67.414
64.7,50.609,86.531,66.982
65.146,50.552,86.963,66.915
65.146,50.552,86.963,66.915
65.283,50.133,87.116,66.508
65.756,49.574,87.285,65.717
65.882,49.359,87.374,65.474
65.893,48.793,87.054,64.657
65.893,48.793,87.054,64.657
65.581,48.146,86.852,64.094
65.548,47.857,86.723,63.731
65.107,47.414,86.315,63.313
64.642,47.163,86.039,63.207
64.642,47.163,86.039,63.207
64.104,47.13,85.467,63.147
63.209,46.718,84.627,62.778
62.283,46.178,83.893,62.384
61.379,45.703,83.088,61.983
60.849,45.412,82.53,61.671
60.394,45.003,81.918,61.143
60.394,45.003,81.918,61.143
59.945,44.602,81.526,60.785
59.575,44.529,81.14,60.7
59.405,44.229,80.99,60.415
59.364,44.17,80.921,60.335
59.364,44.17,80.921,60.335
59.373,43.842,80.856,59.951
59.257,43.709,80.654,59.752
58.974,43.233,80.447,59.335
58.722,42.898,80.132,58.952
58.722,42.898,80.132,58.952
58.127,42.397,79.657,58.541
57.606,41.933,79.238,58.155
56.778,41.516,78.43,57.753
56.028,41.432,77.797,57.759
56.028,41.432,77.797,57.759
54.988,41.189,76.839,57.578
54.182,41.058,76.219,57.588
52.981,40.758,75.248,57.463
51.938,40.663,74.602,57.67
47.203,40.325,69.977,57.416
47.203,40.325,69.977,57.416
46.195,40.233,68.958,57.316
45.063,40.132,67.874,57.252
44.371,39.932,67.23,57.088
43.733,39.85,66.666,57.062
43.136,39.684,66.247,57.032
42.592,39.504,65.79,56.918
42.592,39.504,65.79,56.918
42.177,39.429,65.387,56.852
41.822,39.468,64.882,56.776
41.757,39.444,64.788,56.731
41.757,39.444,64.788,56.731
41.366,39.361,64.327,56.594
40.837,39.429,63.759,56.633
40.074,39.853,62.957,57.027
39.346,39.969,62.19,57.113
38.872,40.395,61.657,57.494
38.872,40.395,61.657,57.494
38.302,40.541,61.072,57.629
33.479,41.044,56.2,58.095
32.926,41.56,55.453,58.463
32.461,42.011,55.018,58.937
32.461,42.011,55.018,58.937
32.465,42.294,54.955,59.169
32.44,42.825,54.808,59.607
32.362,43.116,54.645,59.833
32.256,43.254,54.531,59.966
32.256,43.254,54.531,59.966
32.151,43.602,54.304,60.221
31.79,43.96,53.994,60.618
31.564,44.388,53.515,60.853
31.165,44.635,52.976,60.993
31.165,44.635,52.976,60.993
30.982,45.039,52.59,61.243
30.934,45.466,52.327,61.507
30.872,45.932,52.26,61.968
30.872,46.413,52.073,62.307
30.872,46.413,52.073,62.307
30.562,46.58,51.723,62.444
26.481,47.062,47.536,62.845
26.424,47.572,47.345,63.253
26.261,48.088,47.125,63.725
26.261,48.088,47.125,63.725
25.949,48.689,46.741,64.272
25.931,48.959,46.921,64.693
25.914,49.405,46.906,65.14
25.902,49.953,46.86,65.662
25.948,50.466,46.871,66.148
26.025,50.543,46.949,66.226
26.025,50.543,46.949,66.226
25.993,50.672,46.903,66.345
25.957,51.15,46.816,66.783
25.742,51.743,46.492,67.294
25.508,52.266,46.214,67.783
25.508,52.266,46.214,67.783
25.656,52.896,46.299,68.365
25.5,53.31,46.148,68.783
25.529,53.97,46.11,69.393
25.529,53.97,46.11,69.393
25.498,56.497,46.108,71.942
25.479,57.049,46.034,72.451
25.58,57.31,46.093,72.681
25.954,57.507,46.471,72.88
25.954,57.507,46.471,72.88
26.25,57.942,46.824,73.359
26.658,58.378,47.264,73.819
26.919,58.68,47.561,74.149
27.196,58.883,48.118,74.564
27.196,58.883,48.118,74.564
28.004,59.28,48.969,74.995
28.293,59.54,49.323,75.305
29.091,59.924,50.027,75.616
29.091,59.924,50.027,75.616
29.491,59.989,50.355,75.627
29.947,60.49,50.829,76.141
30.513,60.882,51.336,76.488
31.022,61.376,51.903,77.026
31.022,61.376,51.903,77.026
31.361,61.889,52.219,77.523
29.727,64.27,50.714,80.001
30.107,64.784,51.075,80.501
30.581,65.368,51.632,81.147
30.926,65.86,52.112,81.742
30.926,65.86,52.112,81.742
31.289,66.259,52.478,82.144
31.708,66.35,52.918,82.251
32.066,66.712,53.267,82.606
32.632,66.989,53.694,82.777
33.327,67.432,54.317,83.165
33.327,67.432,54.317,83.165
33.952,67.85,54.96,83.597
34.694,68.186,55.747,83.967
35.574,68.887,56.726,84.745
36.591,69.662,57.804,85.565
36.591,69.662,57.804,85.565
38.815,70.59,60.082,86.534
39.59,70.665,60.914,86.652
39.59,70.665,60.914,86.652
40.411,71.125,61.752,87.126
41.257,71.354,62.642,87.388
42.101,71.752,63.584,87.861
42.709,72.266,64.271,88.435
42.709,72.266,64.271,88.435
43.62,72.825,65.232,89.032
44.548,73.62,66.177,89.84
45.439,74.432,67.124,90.694
45.951,74.806,67.785,91.181
45.951,74.806,67.785,91.181
46.606,74.898,68.395,91.24
47.428,75.113,69.106,91.371
48.003,75.55,69.704,91.824
48.994,75.992,70.721,92.287
48.994,75.992,70.721,92.287
49.731,76.503,71.454,92.794
50.811,76.98,72.544,93.279
51.862,77.531,73.584,93.822
51.862,77.531,73.584,93.822
52.935,78.154,74.652,94.44
54.321,78.638,76.17,95.025
51.401,78.964,77.226,99.333
52.457,79.006,78.266,99.362
52.457,79.006,78.266,99.362
53.572,79.362,79.361,99.702
54.814,79.787,80.414,99.976
55.967,80.229,81.616,100.46
55.967,80.229,81.616,100.46
57.076,80.721,82.847,101.05
58.185,81.254,83.978,101.6
59.335,81.953,85.096,102.27
59.335,81.953,85.096,102.27
60.396,82.656,86.281,103.07
61.337,83.426,87.253,103.87
62.111,83.929,87.873,104.25
62.76,84.125,88.439,104.38
62.76,84.125,88.439,104.38
63.438,84.284,89.111,104.53
64.407,84.767,90.008,104.96
65.415,85.266,91.039,105.47
66.527,85.799,92.102,105.97
66.527,85.799,92.102,105.97
67.552,86.23,93.192,106.45
68.632,86.943,94.284,107.17
70.181,87.648,95.696,107.77
71.534,88.237,97.265,108.53
72.97,88.64,98.724,108.95
74.149,88.795,99.846,109.06
74.149,88.795,99.846,109.06
75.524,88.999,101.35,109.37
77.286,89.498,103.04,109.81
78.939,89.964,104.77,110.34
78.939,89.964,104.77,110.34
80.497,90.536,106.35,110.92
82.457,91.081,108.31,111.47
83.9,91.657,109.78,112.07
85.44,92.331,111.4,112.81
87.005,92.988,112.93,113.44
87.005,92.988,112.93,113.44
88.388,93.39,114.41,113.92
89.839,93.35,115.88,113.89
88.161,94.256,116.19,116.79
88.161,94.256,116.19,116.79
89.692,94.429,117.78,117.01
91.057,94.641,119.24,117.3
92.651,94.914,120.87,117.6
92.651,94.914,120.87,117.6
94.181,95.279,122.51,118.05
95.97,95.746,124.2,118.44
97.934,96.187,126.11,118.84
97.934,96.187,126.11,118.84
99.882,96.269,128.05,118.91
101.47,96.209,129.61,118.83
103.04,96.094,131.3,118.81
104.95,96.327,133.01,118.88
106.91,96.309,135.02,118.9
106.91,96.309,135.02,118.9
109.07,96.647,137.17,119.23
111.05,97.131,139.05,119.64
113.17,97.473,141.29,120.08
115.34,97.867,143.44,120.46
113.34,97.867,145.44,124.46
115.01,98.004,147.28,124.74
116.69,98.192,148.92,124.89
118.23,98.173,150.4,124.82
119.73,98.128,152.09,124.93
119.73,98.128,152.09,124.93
121.16,97.981,153.85,125.06
123.04,97.98,155.77,125.09
124.9,97.866,157.89,125.2
124.9,97.866,157.89,125.2
126.73,97.957,159.92,125.45
128.5,97.838,161.87,125.49
129.79,97.639,163.51,125.58
129.79,97.639,163.51,125.58
131.99,97.618,165.54,125.42
134.03,97.176,167.6,124.99
135.85,96.983,169.43,124.8
137.85,96.867,171.55,124.79
137.85,96.867,171.55,124.79
140.07,96.949,173.82,124.91
141.87,96.76,176.08,125.11
143.06,96.643,177.44,125.14
144.33,96.605,178.99,125.33
144.33,96.605,178.99,125.33
146.27,96.606,180.8,125.22
147.49,96.419,181.96,124.98
148.85,96.151,183.5,124.87
150.11,95.723,184.8,124.47
150.11,95.723,184.8,124.47
151.48,95.378,186.2,124.15
152.42,95.211,187.3,124.12
153.15,95.047,188.24,124.13
154.5,94.7,189.91,124.05
155.45,94.255,190.98,123.7
155.45,94.255,190.98,123.7
156.48,93.844,192.13,123.39
157.78,93.199,193.43,122.74
159.47,92.882,194.81,122.17
160.65,92.122,196.33,121.69
160.65,92.122,196.33,121.69
161.22,91.722,197.57,121.86
161.89,91.205,199.06,122.02
162.66,91.363,199.49,121.89
163.56,91.087,200.62,121.8
169.56,91.087,202.62,117.8
170.27,91.003,202.95,117.41
175.24,90.574,204.03,113.07
176.32,90.172,205.06,112.63
177.36,89.802,206.15,112.3
177.36,89.802,206.15,112.3
178.06,89.399,206.98,112
178.44,89.072,207.47,111.77
178.88,88.766,208.07,111.58
179.3,88.717,208.59,111.61
179.43,88.594,208.9,111.63
179.43,88.594,208.9,111.63
183.45,86.368,209.08,105.53
183.22,86.058,208.96,105.31
183.19,85.892,208.7,104.97
183.22,85.674,208.44,104.53
183.22,85.674,208.44,104.53
183.05,85.079,208.48,104.09
183.09,84.484,208.57,103.53
183.17,84.191,208.67,103.26
183.27,83.933,208.93,103.12
183.65,83.548,209.39,102.79
183.65,83.548,209.39,102.79
183.68,83.239,209.47,102.52
183.72,82.83,209.33,101.98
183.48,82.179,209.43,101.59
183.17,81.876,208.96,101.16
182.44,81.332,208.52,100.84
182.44,81.332,208.52,100.84
181.82,80.884,208.1,100.54
181.27,80.612,207.9,100.53
180.33,80.171,207.13,100.22
174.02,78.093,200.78,98.116
173.04,77.966,199.49,97.753
173.04,77.966,199.49,97.753
171.69,77.784,197.95,97.42
170.82,77.486,197.23,97.236
167.71,77.357,193.78,96.852
166.95,77.124,192.89,96.528
166.01,76.887,192.03,96.35
165.57,76.873,191.49,96.258
161.57,76.873,187.49,96.258
160.89,76.55,186.83,95.947
160.66,76.557,186.52,95.901
160.14,76.379,185.99,95.714
159.61,76.282,185.49,95.638
155.3,74.183,181.23,93.578
155.3,74.183,181.23,93.578
154.8,74.023,180.94,93.576
154.43,73.825,180.72,93.493
153.96,73.712,180.36,93.463
149.41,73.624,176.03,93.535
149.41,73.624,176.03,93.535
148.78,73.525,175.76,93.713
147.99,73.488,175.42,94.011
146.99,73.336,175.04,94.331
145.91,73.086,174.62,94.584
145.91,73.086,174.62,94.584
145.23,72.959,174.4,94.806
139.11,70.869,168.33,92.752
137.91,70.743,167.14,92.635
136.67,70.481,166.12,92.534
135.1,70.24,164.94,92.598
135.1,70.24,164.94,92.598
133.97,69.999,163.91,92.429
132.99,69.747,163.05,92.267
131.81,69.537,162.21,92.318
130.64,69.302,161.35,92.31
129.65,69.165,160.55,92.326
129.65,69.165,160.55,92.326
128.83,68.902,160.05,92.299
127.73,68.793,159.19,92.381
126.72,68.381,158.83,92.454
126.52,68.319,158.72,92.456
122.52,70.319,146.72,86.456
121.19,70.018,145.26,86.067
119.57,69.808,143.88,86.025
117.72,69.706,142.26,86.081
115.67,69.445,140.37,85.927
115.67,69.445,140.37,85.927
113.83,69.318,138.58,85.835
111.88,69.03,136.52,85.47
110.84,68.954,135.17,85.183
109.79,68.512,133.78,84.511
110.74,66.125,135.19,82.436
110.74,66.125,135.19,82.436
109.39,65.687,133.76,81.946
108.87,65.408,133.15,81.598
107.91,65.098,132.39,81.428
107.91,65.098,132.39,81.428
106.89,64.765,131.37,81.098
105.96,64.652,130.46,80.993
105.05,64.236,129.5,80.545
105.05,64.236,129.5,80.545
104.46,63.859,128.9,80.159
103.67,63.491,127.94,79.678
102.7,62.78,126.96,78.957
101.41,62.408,125.66,78.586
100.29,62.005,124.61,78.226
100.29,62.005,124.61,78.226
98.736,61.759,123.1,78.013
97.209,61.551,121.74,77.918
95.244,61.279,120.07,77.847
93.522,60.955,118.3,77.485
93.522,60.955,118.3,77.485
92.036,60.717,116.83,77.263
91.076,60.374,115.69,76.795
90.193,60.054,114.59,76.328
89.467,59.762,113.81,75.998
89.467,59.762,113.81,75.998
88.531,59.502,112.95,75.789
87.948,59.208,112.34,75.478
87.948,59.208,112.34,75.478
87.322,59.036,111.68,75.286
86.491,54.665,110.92,70.961
86.079,54.484,110.48,70.758
85.648,54.035,110.11,70.355
85.648,54.035,110.11,70.355
85.08,53.471,109.53,69.781
84.32,52.899,108.86,69.268
83.408,52.446,107.91,68.789
82.394,52.002,106.98,68.407
82.394,52.002,106.98,68.407
81.335,51.73,105.97,68.166
80.191,51.447,104.85,67.9
78.711,51.256,103.43,67.749
77.287,50.985,102.15,67.579
75.895,50.731,100.85,67.386
75.895,50.731,100.85,67.386
74.944,50.335,99.945,67.02
74.07,49.87,99.04,66.534
73.554,49.469,98.423,66.065
72.955,49.105,97.821,65.699
72.578,48.6,97.441,65.191
72.578,48.6,97.441,65.191
72.246,48.541,97.084,65.115
71.73,48.145,96.619,64.755
71.645,47.734,96.564,64.363
71.645,47.734,96.564,64.363
71.157,47.229,96.17,63.923
71.053,46.876,95.985,63.515
70.627,46.513,95.537,63.136
69.826,46.079,94.637,62.635
69.826,46.079,94.637,62.635
69.282,45.592,94.249,62.254
68.28,45.331,93.303,62.031
67.215,44.894,92.345,61.667
66.246,44.762,91.544,61.65
66.246,44.762,91.544,61.65
64.881,44.536,90.258,61.477
63.516,44.244,89.036,61.283
62.61,43.931,88.02,60.895
62.063,43.648,87.437,60.588
62.063,43.648,87.437,60.588
61.134,43.164,86.554,60.135
60.589,42.882,85.975,59.829
60.087,42.637,85.503,59.604
59.631,42.329,85.045,59.295
59.631,42.329,85.045,59.295
59.236,42.143,84.713,59.153
58.85,41.811,84.262,58.776
58.467,41.41,83.808,58.326
58.111,41.099,83.525,58.065
57.643,40.684,83.048,57.644
57.643,40.684,83.048,57.644
56.868,40.289,82.29,57.26
55.911,39.909,81.427,56.944
55.154,39.772,80.776,56.88
54.057,39.562,79.817,56.763
54.057,39.562,79.817,56.763
52.999,39.398,78.827,56.645
51.618,39.329,77.713,56.759
50.462,39.003,76.901,56.667
49.278,38.739,75.967,56.572
49.278,38.739,75.967,56.572
48.38,38.468,75.081,56.31
47.43,38.269,74.196,56.155
46.777,38.136,73.548,56.026
46.777,38.136,73.548,56.026
46.228,38.086,73.024,55.992
45.886,37.999,72.963,56.096
45.886,37.999,72.963,56.096
45.197,37.687,72.39,55.863
44.78,37.57,71.969,55.744
41.276,38.307,66.348,54.401
40.646,37.929,65.712,54.019
39.83,37.758,64.892,53.845
39.065,37.684,64.091,53.748
39.065,37.684,64.091,53.748
38.051,37.543,63.205,53.69
37.092,37.526,62.231,53.664
36.102,37.501,61.349,53.711
35.118,37.442,60.381,53.661
35.118,37.442,60.381,53.661
33.869,37.45,59.151,53.682
32.768,37.458,58.073,53.705
32.145,37.461,57.392,53.67
32.145,37.461,57.392,53.67
31.636,37.567,56.828,53.739
31.111,37.587,56.247,53.723
30.784,37.704,55.87,53.808
30.745,37.972,55.754,54.025
30.894,38.267,55.935,54.342
31.235,38.33,56.458,54.523
25.716,38.293,51.041,54.552
25.716,38.293,51.041,54.552
25.837,38.322,51.121,54.555
25.885,38.408,51.127,54.613
25.866,38.322,50.974,54.44
25.922,38.445,50.937,54.502
25.922,38.445,50.937,54.502
25.978,38.814,50.975,54.859
26.29,39.214,50.927,55.022
26.465,39.726,50.811,55.344
26.465,39.726,50.811,55.344
26.652,40.664,50.598,56.02
26.731,41.584,49.974,56.478
26.944,42.655,50.223,57.573
27.248,43.509,50.601,58.475
27.315,44.36,50.277,59.071
27.315,44.36,50.277,59.071
27.306,44.818,50.119,59.431
27.275,45.281,49.984,59.825
27.189,45.737,49.848,60.249
27.071,46.115,49.685,60.597
27.071,46.115,49.685,60.597
26.942,46.532,49.68,61.096
26.899,47.226,49.58,61.752
26.907,47.659,49.533,62.149
26.907,48.039,49.535,62.53
26.975,48.474,49.563,62.939
27.34,48.834,49.902,63.282
27.39,49.168,49.979,63.634
27.746,49.626,50.366,64.113
27.874,50.171,50.571,64.708
27.874,50.171,50.571,64.708
28.163,50.505,50.708,64.943
28.32,50.956,50.902,65.418
28.297,51.062,51.05,65.635
28.405,51.498,51.215,66.109
28.451,52.307,51.13,66.832
28.47,52.79,51.115,67.293
28.561,53.127,51.311,67.699
28.561,53.127,51.311,67.699
24.6,53.758,51.206,72.235
24.725,53.915,51.55,72.547
24.822,54.33,51.571,72.908
24.822,54.33,51.571,72.908
24.883,54.76,51.599,73.315
25.098,55.097,51.844,73.674
25.231,55.504,51.94,74.054
25.631,55.979,52.373,74.552
25.631,55.979,52.373,74.552
25.944,56.383,52.704,74.969
26.014,56.794,52.749,75.362
26.126,56.985,53.056,75.691
26.328,57.381,53.384,76.175
26.328,57.381,53.384,76.175
26.4,57.68,53.449,76.47
26.516,57.827,53.577,76.626
26.724,58.239,53.769,77.027
26.706,58.629,53.768,77.428
26.776,59.194,53.787,77.957
26.892,59.779,53.741,78.428
27.058,60.276,53.728,78.799
27.058,60.276,53.728,78.799
27.086,60.634,53.778,79.172
27.124,60.924,53.835,79.475
27.33,61.445,54.028,79.987
27.324,61.702,53.994,80.224
27.485,62.119,54.258,80.714
27.485,62.119,54.258,80.714
27.836,62.54,54.645,81.161
28.044,62.941,54.97,81.643
28.548,69.63,55.406,88.285
28.732,69.976,55.807,88.785
29.091,70.359,56.209,89.197
29.091,70.359,56.209,89.197
29.571,71.169,56.717,90.026
29.931,71.552,57.153,90.464
30.238,71.964,57.551,90.941
30.311,72.12,57.528,91.028
30.311,72.12,57.528,91.028
30.443,72.595,57.504,91.394
30.684,77.458,57.521,96.098
30.802,78.053,57.476,96.578
30.802,78.053,57.476,96.578
31.136,78.723,57.76,97.213
31.255,79.403,58.189,98.113
31.355,80.004,58.139,98.607
31.345,80.709,58.069,99.269
31.316,81.052,58.035,99.61
31.316,81.052,58.035,99.61
31.757,81.531,58.313,99.973
31.801,81.871,58.303,100.28
32.123,82.29,58.891,100.88
32.463,82.567,59.391,101.27
32.918,83.149,59.973,101.94
32.918,83.149,59.973,101.94
33.082,83.817,60.135,102.61
33.818,84.589,60.736,103.29
34.191,85.076,61.198,103.84
34.796,85.607,61.663,104.27
34.796,85.607,61.663,104.27
37.073,90.085,63.842,108.68
37.378,90.649,64.017,109.15
37.667,91.084,64.44,109.68
37.667,91.084,64.44,109.68
38.01,91.643,64.782,110.24
38.258,92.172,65.179,110.87
38.584,92.886,65.62,111.67
38.91,93.846,65.966,112.64
38.91,93.846,65.966,112.64
39.135,94.661,66.21,113.47
39.197,95.058,66.219,113.83
39.628,95.557,66.571,114.27
40.069,95.987,66.979,114.68
40.67,96.642,67.426,115.23
40.67,96.642,67.426,115.23
41.362,97.38,68.003,115.88
41.96,98.23,68.517,116.67
42.91,99.156,69.228,117.43
43.777,99.915,70.187,118.25
43.777,99.915,70.187,118.25
44.482,106.81,71.152,125.33
45.526,107.27,72.033,125.67
46.005,107.49,72.423,125.83
46.531,107.93,72.817,126.18
46.993,108.35,73.305,126.62
46.993,108.35,73.305,126.62
47.755,109.38,73.995,127.6
48.359,110.04,74.626,128.28
49.053,111.31,75.545,129.71
49.893,112.1,76.275,130.42
49.893,112.1,76.275,130.42
50.44,112.91,76.823,131.23
50.89,113.32,77.329,131.67
51.354,113.58,77.802,131.95
51.354,113.58,77.802,131.95
51.948,114.25,78.215,132.48
52.921,115.23,79.031,133.36
53.599,116.16,79.668,134.26
54.767,117.09,80.74,135.12
55.414,118.12,81.456,136.2
55.414,118.12,81.456,136.2
56.61,119.26,82.468,137.21
57.509,120.22,83.441,138.22
58.408,120.79,84.421,138.85
59.079,121.36,84.981,139.34
59.079,121.36,84.981,139.34
59.846,122.3,85.701,140.25
60.336,123.42,86.266,141.42
61.158,124.22,87.169,142.28
61.158,124.22,87.169,142.28
63.719,131.31,89.815,149.42
64.315,132.47,90.586,150.71
64.866,133.88,91.735,152.54
65.611,135.16,92.147,153.59
65.611,135.16,92.147,153.59
65.858,135.52,92.206,153.81
66.711,136.11,93.064,154.41
67.481,136.77,93.985,155.18
68.354,137.86,94.941,156.33
68.354,137.86,94.941,156.33
69.548,139.34,95.733,157.52
70.6,140.54,96.637,158.62
71.411,141.95,97.389,159.99
72.749,143.47,98.328,161.22
73.385,144.85,98.872,162.53
73.385,144.85,98.872,162.53
74.233,145.36,99.706,163.04
74.935,145.95,100.65,163.8
75.891,146.57,101.69,164.47
77.083,147.95,102.82,165.81
77.083,147.95,102.82,165.81
78.098,148.85,104.34,167.07
79.247,149.65,105.53,167.9
80.104,150.9,106.6,169.3
81.129,152.24,107.67,170.67
81.129,152.24,107.67,170.67
82.525,153.9,109.24,172.45
83.663,155.15,110.71,173.94
84.816,155.97,112.02,174.86
86.018,156.55,113.23,175.46
87.446,157.74,114.7,176.68
87.446,157.74,114.7,176.68
88.945,159.04,116.33,178.07
90.491,160.37,117.91,179.42
92.073,161.52,119.8,180.79
92.073,161.52,119.8,180.79
93.968,162.97,121.98,182.44
96.089,164.41,124.48,184.14
98.166,165.82,126.59,185.58
98.166,165.82,126.59,185.58
95.13,163.4,133.48,193.11
96.998,164.43,135.17,194
98.703,165.89,136.81,195.4
100.05,167.06,138.89,197.15
100.05,167.06,138.89,197.15
102.4,168.77,141.3,198.91
104,170.24,142.86,200.35
105.71,171.48,144.81,201.78
107.87,173.38,147.31,203.93
107.87,173.38,147.31,203.93
109.74,174.98,149.46,205.75
111.24,175.89,150.68,206.45
112.77,176.44,152.34,207.1
114.73,177.43,154.52,208.27
116.8,178.5,156.8,209.5
119.07,179.98,159.04,210.96
119.07,179.98,159.04,210.96
121.15,181.37,161.23,212.42
123.42,182.6,163.46,213.63
123.42,182.6,163.46,213.63
125.92,183.91,166.15,215.09
128.73,184.95,169.01,216.17
131.14,185.55,171.41,216.76
133.19,186.36,173.66,217.72
134.94,187.36,175.97,219.15
134.94,187.36,175.97,219.15
137.69,188.89,179.34,221.18
140.72,190.87,182.27,223.08
143.55,192.11,185.93,224.96
143.55,192.11,185.93,224.96
146.31,193.8,188.86,226.79
149.24,195.18,192.36,228.61
151.82,196.49,195.36,230.25
154.24,196.7,198.55,231.05
154.24,196.7,198.55,231.05
156.13,196.56,201.32,231.6
158.54,196.86,204.22,232.28
161.54,197.81,207.18,233.2
161.54,197.81,207.18,233.2
164.61,198.39,210.57,234.04
167.44,198.84,214,234.95
170.65,199.09,217.61,235.52
173.91,199.39,221.2,236.08
177.6,199.7,224.89,236.38
177.6,199.7,224.89,236.38
181.32,199.68,228.8,236.51
184.74,200.1,231.83,236.63
187.66,200.87,234.44,237.15
191,201.82,237.5,237.88
191,201.82,237.5,237.88
194.6,203.59,241.35,239.85
198.93,205.4,245.64,241.63
202.71,207.53,248.97,243.4
204.49,209.07,250.14,244.48
204.67,209.21,250.05,244.4
204.67,209.21,250.05,244.4
204.94,209.33,250.01,244.28
205.08,209.45,249.95,244.24
205.13,209.51,249.97,244.28
205.13,209.51,249.97,244.28
NaN,NaN,NaN,NaN
NaN,NaN,NaN,NaN
NaN,NaN,NaN,NaN
NaN,NaN,NaN,NaN
NaN,NaN,NaN,NaN
NaN,NaN,NaN,NaN
NaN,NaN,NaN,NaN
NaN,NaN,NaN,NaN
NaN,NaN,NaN,NaN
NaN,NaN,NaN,NaN
NaN,NaN,NaN,NaN
NaN,NaN,NaN,NaN
NaN,NaN,NaN,NaN
NaN,NaN,NaN,NaN
NaN,NaN,NaN,NaN
NaN,NaN,NaN,NaN
NaN,NaN,NaN,NaN
NaN,NaN,NaN,NaN
NaN,NaN,NaN,NaN
NaN,NaN,NaN,NaN
NaN,NaN,NaN,NaN
NaN,NaN,NaN,NaN
NaN,NaN,NaN,NaN
NaN,NaN,NaN,NaN
NaN,NaN,NaN,NaN
NaN,NaN,NaN,NaN
NaN,NaN,NaN,NaN
NaN,NaN,NaN,NaN
NaN,NaN,NaN,NaN
NaN,NaN,NaN,NaN
NaN,NaN,NaN,NaN
NaN,NaN,NaN,NaN
NaN,NaN,NaN,NaN
NaN,NaN,NaN,NaN
NaN,NaN,NaN,NaN
NaN,NaN,NaN,NaN
NaN,NaN,NaN,NaN
NaN,NaN,NaN,NaN
NaN,NaN,NaN,NaN
NaN,NaN,NaN,NaN
NaN,NaN,NaN,NaN
NaN,NaN,NaN,NaN
NaN,NaN,NaN,NaN
NaN,NaN,NaN,NaN
NaN,NaN,NaN,NaN
NaN,NaN,NaN,NaN
NaN,NaN,NaN,NaN
NaN,NaN,NaN,NaN
NaN,NaN,NaN,NaN
NaN,NaN,NaN,NaN
NaN,NaN,NaN,NaN
NaN,NaN,NaN,NaN
NaN,NaN,NaN,NaN
NaN,NaN,NaN,NaN
NaN,NaN,NaN,NaN
NaN,NaN,NaN,NaN
NaN,NaN,NaN,NaN
NaN,NaN,NaN,NaN
NaN,NaN,NaN,NaN
NaN,NaN,NaN,NaN
NaN,NaN,NaN,NaN
NaN,NaN,NaN,NaN
NaN,NaN,NaN,NaN
NaN,NaN,NaN,NaN
NaN,NaN,NaN,NaN
NaN,NaN,NaN,NaN
NaN,NaN,NaN,NaN
NaN,NaN,NaN,NaN
NaN,NaN,NaN,NaN
NaN,NaN,NaN,NaN
NaN,NaN,NaN,NaN
NaN,NaN,NaN,NaN
NaN,NaN,NaN,NaN
NaN,NaN,NaN,NaN
NaN,NaN,NaN,NaN
NaN,NaN,NaN,NaN
NaN,NaN,NaN,NaN
NaN,NaN,NaN,NaN
NaN,NaN,NaN,NaN
NaN,NaN,NaN,NaN
NaN,NaN,NaN,NaN
NaN,NaN,NaN,NaN
NaN,NaN,NaN,NaN
NaN,NaN,NaN,NaN
NaN,NaN,NaN,NaN
NaN,NaN,NaN,NaN
NaN,NaN,NaN,NaN
NaN,NaN,NaN,NaN
NaN,NaN,NaN,NaN
NaN,NaN,NaN,NaN
NaN,NaN,NaN,NaN
NaN,NaN,NaN,NaN
NaN,NaN,NaN,NaN
NaN,NaN,NaN,NaN
NaN,NaN,NaN,NaN
NaN,NaN,NaN,NaN
NaN,NaN,NaN,NaN
NaN,NaN,NaN,NaN
NaN,NaN,NaN,NaN
NaN,NaN,NaN,NaN
NaN,NaN,NaN,NaN
NaN,NaN,NaN,NaN
NaN,NaN,NaN,NaN
NaN,NaN,NaN,NaN
NaN,NaN,NaN,NaN
NaN,NaN,NaN,NaN
NaN,NaN,NaN,NaN
NaN,NaN,NaN,NaN
NaN,NaN,NaN,NaN
NaN,NaN,NaN,NaN
NaN,NaN,NaN,NaN
NaN,NaN,NaN,NaN
NaN,NaN,NaN,NaN
NaN,NaN,NaN,NaN
NaN,NaN,NaN,NaN
NaN,NaN,NaN,NaN
NaN,NaN,NaN,NaN
NaN,NaN,NaN,NaN
NaN,NaN,NaN,NaN
NaN,NaN,NaN,NaN
NaN,NaN,NaN,NaN
NaN,NaN,NaN,NaN
NaN,NaN,NaN,NaN
NaN,NaN,NaN,NaN
NaN,NaN,NaN,NaN
NaN,NaN,NaN,NaN
NaN,NaN,NaN,NaN
NaN,NaN,NaN,NaN
NaN,NaN,NaN,NaN
NaN,NaN,NaN,NaN
NaN,NaN,NaN,NaN
NaN,NaN,NaN,NaN
NaN,NaN,NaN,NaN
NaN,NaN,NaN,NaN
NaN,NaN,NaN,NaN
NaN,NaN,NaN,NaN
NaN,NaN,NaN,NaN
NaN,NaN,NaN,NaN
NaN,NaN,NaN,NaN
NaN,NaN,NaN,NaN
NaN,NaN,NaN,NaN
NaN,NaN,NaN,NaN
NaN,NaN,NaN,NaN
NaN,NaN,NaN,NaN
NaN,NaN,NaN,NaN
NaN,NaN,NaN,NaN
NaN,NaN,NaN,NaN
NaN,NaN,NaN,NaN
NaN,NaN,NaN,NaN
NaN,NaN,NaN,NaN
NaN,NaN,NaN,NaN
NaN,NaN,NaN,NaN
NaN,NaN,NaN,NaN
NaN,NaN,NaN,NaN
NaN,NaN,NaN,NaN
NaN,NaN,NaN,NaN
NaN,NaN,NaN,NaN
NaN,NaN,NaN,NaN
NaN,NaN,NaN,NaN
NaN,NaN,NaN,NaN
NaN,NaN,NaN,NaN
NaN,NaN,NaN,NaN
NaN,NaN,NaN,NaN
NaN,NaN,NaN,NaN
NaN,NaN,NaN,NaN
NaN,NaN,NaN,NaN
NaN,NaN,NaN,NaN
NaN,NaN,NaN,NaN
NaN,NaN,NaN,NaN
NaN,NaN,NaN,NaN
NaN,NaN,NaN,NaN
NaN,NaN,NaN,NaN
NaN,NaN,NaN,NaN
NaN,NaN,NaN,NaN
NaN,NaN,NaN,NaN
NaN,NaN,NaN,NaN
NaN,NaN,NaN,NaN
NaN,NaN,NaN,NaN
NaN,NaN,NaN,NaN
NaN,NaN,NaN,NaN
NaN,NaN,NaN,NaN
NaN,NaN,NaN,NaN
NaN,NaN,NaN,NaN
NaN,NaN,NaN,NaN
NaN,NaN,NaN,NaN
NaN,NaN,NaN,NaN
NaN,NaN,NaN,NaN
NaN,NaN,NaN,NaN
NaN,NaN,NaN,NaN
NaN,NaN,NaN,NaN
NaN,NaN,NaN,NaN
NaN,NaN,NaN,NaN
NaN,NaN,NaN,NaN
NaN,NaN,NaN,NaN
NaN,NaN,NaN,NaN
NaN,NaN,NaN,NaN
NaN,NaN,NaN,NaN
NaN,NaN,NaN,NaN
NaN,NaN,NaN,NaN
NaN,NaN,NaN,NaN
NaN,NaN,NaN,NaN
NaN,NaN,NaN,NaN
NaN,NaN,NaN,NaN
NaN,NaN,NaN,NaN
NaN,NaN,NaN,NaN
NaN,NaN,NaN,NaN
NaN,NaN,NaN,NaN
NaN,NaN,NaN,NaN
NaN,NaN,NaN,NaN
NaN,NaN,NaN,NaN
NaN,NaN,NaN,NaN
NaN,NaN,NaN,NaN
NaN,NaN,NaN,NaN
NaN,NaN,NaN,NaN
NaN,NaN,NaN,NaN
NaN,NaN,NaN,NaN
NaN,NaN,NaN,NaN
NaN,NaN,NaN,NaN
NaN,NaN,NaN,NaN
NaN,NaN,NaN,NaN
NaN,NaN,NaN,NaN
NaN,NaN,NaN,NaN
NaN,NaN,NaN,NaN
NaN,NaN,NaN,NaN
NaN,NaN,NaN,NaN
NaN,NaN,NaN,NaN
NaN,NaN,NaN,NaN
NaN,NaN,NaN,NaN
NaN,NaN,NaN,NaN
NaN,NaN,NaN,NaN
NaN,NaN,NaN,NaN
NaN,NaN,NaN,NaN
NaN,NaN,NaN,NaN
NaN,NaN,NaN,NaN
NaN,NaN,NaN,NaN
NaN,NaN,NaN,NaN
NaN,NaN,NaN,NaN
NaN,NaN,NaN,NaN
NaN,NaN,NaN,NaN
NaN,NaN,NaN,NaN
NaN,NaN,NaN,NaN
NaN,NaN,NaN,NaN
NaN,NaN,NaN,NaN
NaN,NaN,NaN,NaN
NaN,NaN,NaN,NaN
NaN,NaN,NaN,NaN
NaN,NaN,NaN,NaN
NaN,NaN,NaN,NaN
NaN,NaN,NaN,NaN
NaN,NaN,NaN,NaN
NaN,NaN,NaN,NaN
NaN,NaN,NaN,NaN
NaN,NaN,NaN,NaN
NaN,NaN,NaN,NaN
NaN,NaN,NaN,NaN
NaN,NaN,NaN,NaN
NaN,NaN,NaN,NaN
NaN,NaN,NaN,NaN
NaN,NaN,NaN,NaN
NaN,NaN,NaN,NaN
NaN,NaN,NaN,NaN
NaN,NaN,NaN,NaN
NaN,NaN,NaN,NaN
NaN,NaN,NaN,NaN
NaN,NaN,NaN,NaN
NaN,NaN,NaN,NaN
NaN,NaN,NaN,NaN
NaN,NaN,NaN,NaN
NaN,NaN,NaN,NaN
NaN,NaN,NaN,NaN
161,186.5,199,219.5
160.59,186.35,198.87,219.58
160.55,186.4,198.73,219.56
160.54,186.41,198.63,219.48
160.54,186.41,198.63,219.48
160.54,186.35,198.58,219.39
160.56,186.34,198.56,219.34
160.59,186.28,198.53,219.23
160.53,186.24,198.45,219.16
160.5,186.19,198.4,219.11
154.53,169.24,192.05,201.82
154.53,169.24,192.05,201.82
154.37,169.01,191.95,201.64
153.89,167.37,192.14,200.6
153.65,167.15,192.31,200.73
153.65,167.15,192.31,200.73
153.51,167.09,192.25,200.74
153.43,167.04,192.28,200.79
153.33,166.98,192.25,200.78
153.33,166.98,192.25,200.78
152.3,156.03,185.17,183.79
150.69,154.32,184.45,182.83
149.82,153.04,183.66,181.63
148.84,151.75,183.09,180.68
148.84,151.75,183.09,180.68
147.93,150.06,183.04,179.73
146.95,148.51,182.74,178.75
150.54,148.98,178.75,171.58
150.51,147.47,178.77,170.11
150.5,146.15,178.85,168.85
150.91,145.11,179.26,167.82
151.5,143.93,179.76,166.57
151.5,143.93,179.76,166.57
151.9,142.91,180.25,165.62
152.86,141.63,181.12,164.26
153.64,140.45,181.61,162.85
154.06,138.94,182.11,161.4
154.06,138.94,182.11,161.4
154.07,137.54,182.36,160.2
154.09,136.19,182.64,159.06
153.82,135.07,182.46,158.01
153.68,133.97,182.33,156.92
153.68,133.97,182.33,156.92
153.32,133.13,181.81,155.94
152.57,132.11,181.15,155
152.08,131.02,180.62,153.88
151.58,130,180.16,152.9
151.3,128.79,179.91,151.7
151.44,127.41,180.1,150.37
151.87,126.03,180.59,149.03
151.87,126.03,180.59,149.03
152.3,125,181.07,148.05
152.81,124.01,181.6,147.07
153.96,123.24,182.7,146.26
153.96,123.24,182.7,146.26
154.83,122.48,183.47,145.42
155.66,121.67,184.39,144.68
156.95,120.86,185.56,143.78
157.92,120.21,186.36,142.99
157.92,120.21,186.36,142.99
158.7,119.22,187.28,142.12
159.05,118.26,187.96,141.42
159.53,117.67,188.44,140.83
159.39,117.22,188.65,140.66
159.53,116.55,188.81,140.01
159.53,116.55,188.81,140.01
159.42,115.84,188.89,139.45
159.42,115.16,188.73,138.64
159.39,114.21,188.78,137.75
159.39,113.19,188.7,136.67
159.45,112.03,189.03,135.73
159.45,112.03,189.03,135.73
159.67,110.93,189.62,134.93
159.92,110.01,190.22,134.29
160.27,109.74,190.65,134.09
160.27,109.74,190.65,134.09
161.07,109.17,191.5,133.55
167.97,104.3,194.77,124.99
169.02,103.94,195.72,124.54
170.27,103.15,196.98,123.77
170.27,103.15,196.98,123.77
171.42,102.77,197.96,123.26
172.39,102.08,198.96,122.58
173.28,101.34,199.93,121.9
173.75,100.63,200.64,121.38
174.05,100.26,201.07,121.12
174.24,99.873,201.24,120.72
174.36,99.259,201.43,120.16
174.36,99.259,201.43,120.16
174.48,98.912,201.42,119.7
174.4,98.243,201.31,119.01
174.48,97.77,201.29,118.46
174.48,97.77,201.29,118.46
174.69,96.966,201.65,117.78
175.09,96.096,202.01,116.88
175.57,95.223,202.6,116.09
175.93,94.59,203.16,115.61
176.73,94.004,204.21,115.22
176.73,94.004,204.21,115.22
177.68,93.478,205.25,114.77
178.65,92.979,206.11,114.18
179.57,92.579,207.1,113.84
179.57,92.579,207.1,113.84
180.85,92.047,208.22,113.18
181.73,91.534,209.02,112.6
182.21,91.231,209.54,112.34
182.21,91.231,209.54,112.34
182.52,90.853,209.91,112
182.87,90.506,210.28,111.67
182.98,90.306,210.49,111.55
182.98,90.306,210.49,111.55
182.9,90.051,210.47,111.34
183.02,89.86,210.55,111.12
182.91,89.629,210.34,110.81
182.79,89.12,210.04,110.16
182.59,88.898,209.41,109.6
182.59,88.898,209.41,109.6
180.53,82.345,207.65,103.29
180.28,81.958,207.18,102.72
180.2,81.395,207.08,102.15
180.12,81.089,206.98,101.82
180.12,81.089,206.98,101.82
180.08,80.772,207.06,101.6
179.97,80.289,207.24,101.34
180.03,79.962,207.37,101.07
180.03,79.625,207.33,100.71
179.82,79.182,207.18,100.3
178.82,80.182,204.18,99.303
178.35,79.919,203.7,99.034
177.82,79.471,203.21,98.615
176.78,79.153,201.99,98.168
175.93,78.762,201.24,97.843
174.87,78.445,200.2,97.54
174.87,78.445,200.2,97.54
174.02,78.238,199.32,97.318
173.04,77.987,198.17,96.93
171.67,77.807,196.76,96.725
162.62,77.526,187.7,96.43
162.62,77.526,187.7,96.43
161.73,77.198,187.1,96.326
160.94,76.81,186.69,96.226
160.05,76.573,186.08,96.212
159.78,76.286,186.04,96.098
159.47,76.231,185.6,95.943
159.47,76.231,185.6,95.943
159.25,76.248,185.23,95.84
159.01,76.197,185.14,95.907
150.36,74.089,176.68,93.951
149.6,73.779,176.34,93.955
149.09,73.618,176.04,93.956
149.09,73.618,176.04,93.956
148.64,73.417,175.8,93.918
148.09,73.193,175.24,93.679
147.55,73.049,174.88,93.675
146.89,72.916,174.58,93.814
146.89,72.916,174.58,93.814
146.18,72.784,174.35,94.055
139.63,70.737,164.29,88.381
137.33,70.493,162.03,88.165
137.33,70.493,162.03,88.165
135.48,70.698,159.98,88.225
133.52,70.591,158.13,88.2
131.67,70.506,156.41,88.205
130.41,70.266,155.43,88.172
130.41,70.266,155.43,88.172
129.41,69.998,154.64,88.051
128.13,69.814,153.44,87.928
126.79,69.563,152.28,87.808
126.79,69.563,152.28,87.808
125.75,69.174,151.44,87.569
124.27,68.971,150.16,87.509
123.21,68.618,149.33,87.316
121.9,68.196,148.49,87.244
120.95,68.023,147.68,87.168
120.95,68.023,147.68,87.168
120.1,67.696,147.01,86.977
118.68,67.318,145.94,86.851
117.36,66.837,144.7,86.423
117.36,66.837,144.7,86.423
115.87,66.382,143.32,86.049
114.26,66.136,141.95,85.982
112.54,65.814,141.07,86.267
112.54,65.814,141.07,86.267
110.45,65.511,139.15,86.09
108.17,65.263,137.04,85.964
106.21,65.086,135.22,85.89
104.67,64.906,133.51,85.583
104.67,64.906,133.51,85.583
103.24,64.755,132.28,85.581
102.13,64.356,131.08,85.113
101.02,64.073,129.81,84.721
100.1,63.804,128.72,84.322
100.1,63.804,128.72,84.322
99.185,63.517,127.66,83.934
98.471,63.202,126.8,83.513
97.567,62.885,126.02,83.28
97.567,62.885,126.02,83.28
98.85,62.717,123.27,79.095
97.963,62.274,122.47,78.707
97.532,61.802,122,78.211
97.532,61.802,122,78.211
96.666,61.341,121.01,77.665
95.798,60.801,120.03,77.045
95.798,60.801,120.03,77.045
94.772,60.511,118.99,76.746
93.322,60.16,117.63,76.459
91.826,59.99,116.25,76.369
90.201,59.802,114.76,76.275
88.744,59.423,113.46,75.998
87.404,59.127,112.06,75.666
87.404,59.127,112.06,75.666
85.836,58.643,110.35,75.085
85.288,58.583,109.8,75.018
84.63,58.179,108.76,74.352
83.886,57.857,108.07,74.07
83.886,57.857,108.07,74.07
83.347,57.617,107.41,73.745
83.94,54.277,106.08,68.459
83.448,54.128,105.59,68.311
83.448,54.128,105.59,68.311
83.138,53.776,105.22,67.924
82.762,53.588,104.77,67.682
82.512,53.209,104.47,67.274
82.062,52.754,103.88,66.729
81.317,52.07,103.44,66.242
80.342,51.666,102.61,65.932
79.377,51.291,101.73,65.613
79.377,51.291,101.73,65.613
78.268,50.811,100.83,65.274
76.938,50.595,99.558,65.093
75.407,50.285,98.301,64.963
74.276,49.859,97.264,64.599
74.276,49.859,97.264,64.599
73.384,49.285,96.258,63.95
72.521,48.853,95.375,63.505
71.701,48.423,94.539,63.064
71.701,48.423,94.539,63.064
71.182,47.997,94.151,62.724
70.77,47.591,93.757,62.33
70.373,47.392,93.471,62.204
69.969,46.98,93.133,61.835
69.969,46.98,93.133,61.835
69.744,46.838,92.781,61.61
69.283,46.234,92.363,61.034
68.952,45.666,91.998,60.444
68.172,45.142,91.283,59.962
68.172,45.142,91.283,59.962
63.157,44.5,86.416,59.418
61.871,43.999,85.147,58.928
60.903,43.669,84.17,58.592
59.775,43.344,83.135,58.328
59.775,43.344,83.135,58.328
58.361,43.173,81.853,58.244
56.764,42.827,80.48,58.044
55.246,42.456,79.089,57.757
53.949,42.214,77.758,57.492
53.949,42.214,77.758,57.492
53.041,41.977,76.787,57.214
52.069,41.816,75.814,57.053
51.139,41.578,74.84,56.785
50.251,41.342,74.108,56.652
49.677,41.313,73.518,56.612
49.677,41.313,73.518,56.612
49.141,41.041,72.902,56.288
48.475,40.746,72.248,56
47.821,40.384,71.6,55.642
47.086,39.875,71.023,55.237
47.086,39.875,71.023,55.237
45.954,39.628,69.99,55.055
44.525,39.286,68.702,54.806
43.309,39.129,67.601,54.724
41.886,38.963,66.417,54.715
41.886,38.963,66.417,54.715
40.457,38.936,65.012,54.704
39.329,38.975,63.67,54.603
37.863,39.01,62.122,54.583
37.863,39.01,62.122,54.583
36.594,39.016,60.799,54.554
35.483,38.816,59.447,54.196
34.832,38.432,58.703,53.751
34.056,38.363,58.042,53.758
33.394,38.277,57.265,53.596
33.392,38.568,57.182,53.834
33.365,38.703,57.236,54.022
29.365,38.703,53.236,54.022
29.897,39.234,53.952,54.674
30.253,39.355,54.271,54.771
30.593,39.315,54.738,54.814
30.593,39.315,54.738,54.814
30.645,39.455,54.864,55.003
26.638,37.419,50.984,53.05
26.708,37.687,50.846,53.181
26.73,38.16,50.808,53.615
26.88,38.988,50.775,54.322
26.88,38.988,50.775,54.322
26.916,39.964,50.301,54.965
27.072,41.05,50.03,55.77
27.293,42.614,49.846,57.069
27.068,43.679,49.392,57.983
27.068,43.679,49.392,57.983
26.969,44.433,49.211,58.683
26.885,44.831,48.89,58.926
26.822,45.343,48.615,59.299
26.565,45.823,48.142,59.637
26.549,46.16,48.097,59.955
26.549,46.16,48.097,59.955
26.502,46.826,47.974,60.571
26.433,47.258,47.868,60.979
26.45,47.671,47.841,61.362
26.45,47.671,47.841,61.362
26.477,47.756,47.91,61.476
26.489,48.29,47.954,62.03
26.528,48.762,47.904,62.444
26.772,49.176,48.201,62.893
26.717,49.626,48.118,63.324
26.738,50.053,48.214,63.801
26.738,50.053,48.214,63.801
26.932,50.452,48.499,64.259
26.973,50.829,48.553,64.645
26.972,50.953,48.578,64.786
24.972,52.953,46.578,66.786
24.968,53.411,46.567,67.24
25.031,53.903,46.565,67.689
25.024,54.389,46.474,68.119
25.26,54.899,46.662,68.597
25.26,54.899,46.662,68.597
25.243,55.315,46.666,69.028
25.509,55.745,47.155,69.605
25.503,56.24,47.158,70.105
25.718,56.737,47.494,70.681
25.718,56.737,47.494,70.681
25.762,57.123,47.515,71.052
25.931,57.371,47.697,71.309
26.442,57.84,48.062,71.683
26.771,58.242,48.494,72.151
26.794,58.722,48.568,72.665
26.794,58.722,48.568,72.665
27.236,59.053,49.155,73.091
27.528,59.53,49.696,73.732
27.823,59.886,50.083,74.148
28.127,60.342,50.384,74.602
28.127,60.342,50.384,74.602
28.343,60.409,50.69,74.728
28.432,60.811,50.806,75.148
28.509,61.377,50.888,75.717
28.664,62.049,50.963,76.337
28.778,62.555,51.091,76.852
28.894,63.003,51.173,77.277
28.894,63.003,51.173,77.277
29.128,63.492,51.381,77.749
29.195,70.081,51.47,84.353
29.32,70.439,51.554,84.683
29.408,70.86,51.614,85.087
29.408,70.86,51.614,85.087
29.611,71.289,51.65,85.406
29.809,71.632,51.952,85.817
30.328,72.098,52.393,86.232
30.59,72.607,52.603,86.707
30.59,72.607,52.603,86.707
30.886,73.129,53.174,87.409
31.347,73.983,53.827,88.389
31.645,74.795,54.199,89.25
31.645,74.795,54.199,89.25
32.073,75.212,54.579,89.636
32.423,75.352,54.942,89.784
32.53,75.804,54.859,90.111
32.53,75.804,54.859,90.111
32.75,76.284,55.15,90.638
32.927,77.229,55.192,91.494
33.233,78.059,55.276,92.178
35.471,80.69,57.691,94.925
35.673,81.195,58.057,95.539
35.673,81.195,58.057,95.539
35.737,82.365,58.148,96.726
35.975,83.1,58.553,97.571
35.96,83.52,58.456,97.936
36.005,83.977,58.448,98.36
36.12,84.351,58.571,98.738
36.12,84.351,58.571,98.738
36.557,85.125,58.854,99.411
36.796,85.78,59.082,100.06
36.954,86.273,59.303,100.59
37.203,86.898,59.638,101.27
37.203,86.898,59.638,101.27
37.652,87.827,60.107,102.22
37.965,88.261,60.448,102.67
38.154,88.624,60.597,103.01
38.302,89.114,60.834,103.55
38.302,89.114,60.834,103.55
38.335,89.855,60.759,104.22
40.431,94.754,62.738,109.05
40.591,95.451,62.778,109.66
40.978,96.1,63.07,110.25
41.147,96.935,63.187,111.05
41.147,96.935,63.187,111.05
41.463,98.061,63.521,112.19
41.514,99.055,63.521,113.15
41.46,99.565,63.397,113.62
41.731,100.09,63.59,114.08
41.731,100.09,63.59,114.08
41.824,100.56,63.637,114.53
42.529,101.56,64.204,115.43
42.934,101.97,64.728,115.93
43.341,102.99,65.325,117.07
43.341,102.99,65.325,117.07
43.985,103.74,66.007,117.84
44.438,105.22,66.725,119.5
45.247,106.16,67.462,120.39
46.102,106.65,68.168,120.79
46.655,107.3,68.484,121.28
47.26,108.16,68.82,121.96
47.26,108.16,68.82,121.96
47.756,108.69,68.982,122.27
48.256,109.38,69.568,123.02
48.933,110.34,70.119,123.9
48.933,110.34,70.119,123.9
49.489,111.22,70.756,124.83
50.134,112.3,71.451,125.94
50.855,113.16,71.966,126.67
51.189,113.62,72.105,127
51.737,113.99,72.503,127.27
51.737,113.99,72.503,127.27
52.278,114.41,73.002,127.67
53.134,115.24,73.74,128.42
54.116,115.87,74.534,128.92
55.111,116.58,75.396,129.54
55.111,116.58,75.396,129.54
56.262,117.29,76.545,130.26
57.478,118.18,77.994,131.29
58.85,118.86,79.46,132.04
54.211,119.56,82.921,140.8
54.211,119.56,82.921,140.8
55.258,119.98,84.021,141.27
56.488,120.25,85.241,141.52
58.364,120.64,86.994,141.83
59.969,120.93,88.946,142.38
59.969,120.93,88.946,142.38
61.308,121.17,90.187,142.54
63.266,121.19,92.208,142.61
65.162,121.38,93.91,142.66
67.272,121.75,95.888,142.93
67.272,121.75,95.888,142.93
69.034,121.89,97.591,143.02
70.397,121.83,98.899,142.92
71.794,121.72,100.32,142.83
71.794,121.72,100.32,142.83
73.659,121.68,102.11,142.73
75.301,121.83,103.68,142.83
77.312,121.86,105.57,142.77
79.296,121.86,107.58,142.78
70.296,122.86,104.58,149.78
72.316,122.92,106.53,149.79
74.256,122.87,108.64,149.88
75.869,122.75,110.39,149.86
78.002,122.35,112.57,149.5
78.002,122.35,112.57,149.5
79.896,121.89,114.79,149.3
81.759,121.61,116.77,149.1
83.71,121.51,118.95,149.2
86.255,121.32,121.17,148.75
86.255,121.32,121.17,148.75
88.345,121.5,124.06,149.56
89.902,120.88,125.81,149.1
91.631,120.62,127.67,148.94
91.631,120.62,127.67,148.94
94.065,120.54,129.45,148.34
95.385,120.11,130.7,147.85
96.771,119.68,132.33,147.62
98.263,118.98,133.79,146.89
98.263,118.98,133.79,146.89
99.617,118.34,135.4,146.45
101.23,117.61,137,145.72
102.7,117.15,138.49,145.27
102.7,117.15,138.49,145.27
104.07,116.72,139.79,144.78
105.45,116.31,141.35,144.51
106.66,115.77,142.89,144.24
106.66,115.77,142.89,144.24
107.77,115.15,144.12,143.71
108.8,114.69,145.16,143.26
110.14,114.3,146.51,142.87
111.64,113.59,147.92,142.1
113.07,112.65,149.33,141.13
113.07,112.65,149.33,141.13
114.58,112.13,150.77,140.56
116.25,111.72,152.52,140.22
118.08,111.29,154.69,140.06
118.08,111.29,154.69,140.06
120.22,110.95,156.79,139.69
122.76,110.78,158.92,139.19
125.04,110.58,161.1,138.91
127.23,110.35,162.96,138.42
127.23,110.35,162.96,138.42
129.03,110.29,164.56,138.2
131.72,109.85,166.93,137.51
132.27,109.54,167.8,137.45
133.33,108.95,169.07,137.04
134.62,108.4,170.43,136.54
135.74,107.95,171.75,136.25
135.74,107.95,171.75,136.25
136.54,107.49,172.83,136
137.57,107.13,173.88,135.65
138.52,106.6,174.92,135.2
139.53,106.11,175.99,134.76
140.56,105.78,177.02,134.43
140.56,105.78,177.02,134.43
141.92,105.48,177.85,133.71
143.35,104.86,179.23,133.05
144.31,104.21,180.67,132.77
145.6,103.66,182.35,132.54
145.6,103.66,182.35,132.54
146.91,103.5,184.1,132.73
148.77,103.23,186.2,132.65
150.46,102.74,188.01,132.25
151.79,102.28,189.5,131.92
153.23,101.8,191.04,131.52
153.23,101.8,191.04,131.52
154.46,101.55,192.37,131.34
155.69,101.04,193.75,130.96
156.87,100.53,195.17,130.64
162.66,99.162,195.19,123.45
162.99,98.769,195.75,123.23
163.53,98.478,196.34,122.97
163.53,98.478,196.34,122.97
163.79,98.217,196.9,122.94
164.3,97.92,197.55,122.75
164.68,97.455,198.12,122.43
164.68,97.455,198.12,122.43
164.99,97.109,198.52,122.15
165.43,96.675,198.9,121.67
176.82,95.21,204.43,114.31
177.73,94.694,205.22,113.71
178.66,94.288,206.16,113.31
179.75,93.65,207.15,112.61
179.75,93.65,207.15,112.61
181.17,93.405,208.45,112.27
182.7,93.056,209.98,111.93
184.16,92.929,211.18,111.62
185.67,93.027,212.3,111.43
185.67,93.027,212.3,111.43
186.72,92.837,213.05,111.04
187.65,92.374,213.93,110.54
188.33,92.107,214.51,110.21
189.02,91.787,215.05,109.78
189.02,91.787,215.05,109.78
189.51,91.389,215.58,109.41
189.58,90.969,215.92,109.18
189.63,90.564,216.11,108.87
189.76,90.576,216.17,108.84
189.76,90.576,216.17,108.84
187.72,83.994,214.36,102.41
187.53,83.737,214.02,102.05
187.2,83.244,213.69,101.56
187.1,82.983,213.13,100.98
187.1,82.983,213.13,100.98
186.88,82.715,212.65,100.52
186.66,82.33,212.32,100.07
186.31,81.781,212.15,99.645
186.26,81.543,212.13,99.421
186.22,81.18,212.1,99.067
186.22,81.18,212.1,99.067
186.29,80.871,212.23,98.803
186.63,80.649,212.6,98.594
186.63,80.649,212.6,98.594
186.75,80.491,212.71,98.432
186.93,80.044,212.82,97.937
186.97,79.958,212.85,97.839
186.6,79.393,212.45,97.257
186.51,79.057,212.3,96.88
186.51,79.057,212.3,96.88
182.08,76.469,208.11,94.462
181.75,76.096,207.65,93.999
181.12,75.753,207.24,93.81
180.25,75.445,206.43,93.54
179.69,75.225,205.67,93.183
179.69,75.225,205.67,93.183
179.04,74.976,204.93,92.874
178.13,74.759,203.61,92.362
177.53,74.507,202.61,91.827
176.96,74.323,201.85,91.511
176.96,74.323,201.85,91.511
176.46,74.143,201.26,91.271
176.01,74.057,200.77,91.154
175.87,73.938,200.57,90.994
175.77,73.75,200.36,90.735
175.53,73.527,200.27,90.612
175.47,73.385,200.22,90.473
175.47,73.385,200.22,90.473
175.23,73.1,199.95,90.17
175.12,72.892,199.71,89.871
170.83,66.658,195.35,83.588
170.83,66.658,195.35,83.588
170.73,66.528,195.19,83.417
170.53,66.36,195.02,83.267
170.15,66.243,194.6,83.122
169.82,66.186,194.22,83.026
169.82,66.186,194.22,83.026
169.45,66.096,193.84,82.932
168.85,65.969,193.07,82.69
168.56,65.839,192.68,82.49
164.39,63.719,188.48,80.343
164.39,63.719,188.48,80.343
164.07,63.615,188.14,80.227
163.85,63.467,187.96,80.108
163.72,63.434,187.71,79.986
163.72,63.434,187.71,79.986
163.57,63.416,187.51,79.936
163.46,63.467,187.25,79.878
163.33,63.453,187.16,79.901
163.33,63.453,187.16,79.901
155.28,61.389,179.01,77.761
155.05,61.301,178.95,77.791
154.81,61.139,178.91,77.774
154.81,61.139,178.91,77.774
154.5,60.997,178.78,77.759
154.39,60.823,178.73,77.625
153.89,60.566,178.52,77.577
153.5,60.371,178.34,77.524
153.28,60.32,178.28,77.586
152.9,60.26,178.18,77.724
146.9,56.26,172.18,73.724
145.52,56.021,171.14,73.729
144.31,55.838,170.35,73.839
142.98,55.64,169.38,73.891
142.98,55.64,169.38,73.891
141.94,55.298,168.77,73.852
140.96,55.019,167.97,73.701
140.13,54.797,167.43,73.678
139.78,54.653,167.09,73.539
139.78,54.653,167.09,73.539
139.09,54.495,166.68,73.585
138.49,54.341,166.45,73.684
138.08,54.224,166.07,73.594
137.71,54.175,165.79,73.608
137.71,54.175,165.79,73.608
137.31,54.037,165.65,73.658
136.95,53.814,165.66,73.69
136.86,53.74,165.62,73.646
136.61,53.564,165.42,73.51
136.37,53.452,165.27,73.462
132.37,57.452,153.27,69.462
132.07,57.31,153,69.333
131.81,57.129,152.7,69.128
131.09,57.009,152.02,69.035
131.09,57.009,152.02,69.035
130.25,56.901,151.17,68.919
129.2,56.898,150.18,68.954
128.6,56.895,149.57,68.94
128.09,56.765,149,68.781
128.09,56.765,149,68.781
127.33,56.392,148.4,68.503
126.93,56.12,148.24,68.367
126.65,55.931,147.98,68.191
126.37,55.841,147.7,68.105
126.37,55.841,147.7,68.105
126.09,55.805,147.45,68.089
125.8,55.739,147.29,68.094
125.75,55.774,147.2,68.106
125.75,55.774,147.2,68.106
125.58,55.755,147.13,68.145
113.21,53.654,134.94,66.153
112.85,53.536,134.72,66.124
112.16,53.11,134.5,65.977
112.16,53.11,134.5,65.977
111.78,53.022,134.09,65.867
111.05,52.66,133.72,65.718
109.88,52.168,132.88,65.422
109.88,52.168,132.88,65.422
109.06,51.91,132.36,65.345
107.97,51.736,131.6,65.368
106.78,51.5,130.77,65.341
105.31,51.429,129.41,65.339
103.84,51.351,128.03,65.312
103.84,51.351,128.03,65.312
102.56,51.187,126.65,65.093
101.47,51.07,125.58,64.985
100.72,50.846,124.82,64.753
99.881,50.7,123.98,64.608
99.881,50.7,123.98,64.608
99.116,50.615,123.22,64.524
98.433,50.201,122.44,64.054
97.924,50.135,121.88,63.956
97.275,50.034,121.19,63.833
96.626,49.907,120.55,63.71
96.027,49.684,120.09,63.569
96.027,49.684,120.09,63.569
95.348,49.345,119.43,63.241
94.921,49.085,118.98,62.971
94.103,48.686,118.19,62.586
93.109,48.241,117.26,62.18
91.759,47.785,115.97,61.76
90.835,47.424,115.21,61.497
89.878,47.282,114.2,61.321
89.878,47.282,114.2,61.321
88.418,47.161,112.7,61.178
86.956,46.957,111.31,61.017
85.703,46.487,110.26,60.666
84.322,46.33,109.14,60.665
84.322,46.33,109.14,60.665
83.263,45.921,108.12,60.278
82.164,45.813,106.97,60.144
81.003,45.323,105.95,59.737
80.098,44.85,105.11,59.303
80.098,44.85,105.11,59.303
79.131,44.566,104.25,59.081
78.21,44.305,103.51,58.927
77.624,43.979,102.94,58.612
76.539,43.586,101.86,58.22
76.539,43.586,101.86,58.22
75.999,43.284,101.4,57.963
75.31,43.074,100.68,57.737
74.652,42.763,99.982,57.402
73.71,42.329,99.036,56.966
73.71,42.329,99.036,56.966
72.377,42.078,97.698,56.712
71.31,41.991,96.795,56.722
70.019,41.836,95.736,56.706
68.655,41.67,94.419,56.567
67.399,41.421,93.133,56.3
67.399,41.421,93.133,56.3
65.905,41.251,91.952,56.316
64.613,41.126,90.735,56.236
63.3,40.951,89.537,56.129
62.183,40.799,88.536,56.046
62.183,40.799,88.536,56.046
61.09,40.633,87.639,55.996
60.088,40.253,86.683,55.644
59.085,40.213,85.743,55.642
57.904,40.032,84.508,55.427
56.867,39.99,83.476,55.389
56.867,39.99,83.476,55.389
55.72,39.755,82.513,55.263
54.697,39.683,81.338,55.101
53.924,39.472,80.655,54.943
53.924,39.472,80.655,54.943
52.955,39.205,79.707,54.689
52.172,39.157,78.64,54.473
50.907,38.905,77.292,54.171
50.907,38.905,77.292,54.171
49.549,38.719,76.036,54.046
48.122,38.472,74.771,53.895
46.678,38.474,73.388,53.933
44.944,38.597,71.805,54.146
43.317,38.806,70.177,54.354
43.317,38.806,70.177,54.354
41.8,38.894,68.711,54.472
40.36,38.851,67.116,54.337
38.985,38.961,65.534,54.324
37.482,38.989,63.986,54.326
36.129,39.008,62.653,54.357
36.129,39.008,62.653,54.357
34.996,38.803,61.425,54.095
33.929,38.608,60.458,53.96
33.025,38.601,59.476,53.906
32.763,38.791,58.982,53.958
32.763,38.791,58.982,53.958
28.574,39.022,54.804,54.195
28.44,39.295,54.718,54.497
28.324,39.431,54.777,54.737
28.263,39.406,54.535,54.605
28.34,39.494,54.476,54.612
28.34,39.494,54.476,54.612
28.298,39.37,54.496,54.525
28.272,39.347,54.359,54.436
28.27,39.556,54.53,54.747
28.365,39.739,54.325,54.752
28.499,40.018,54.113,54.826
28.499,40.018,54.113,54.826
28.617,40.45,53.926,55.077
28.765,41.285,53.563,55.609
28.926,42.037,53.402,56.169
28.926,42.037,53.402,56.169
29.087,42.878,53.521,56.985
29.268,44.055,53.611,58.108
29.318,44.778,53.328,58.633
29.27,45.201,53.33,59.086
25.27,45.201,49.33,59.086
25.271,45.342,49.248,59.178
25.233,45.767,49.166,59.576
25.193,46.077,49.037,59.833
25.218,46.479,49.036,60.22
25.218,46.479,49.036,60.22
25.275,46.99,49.047,60.704
25.313,47.201,49.029,60.883
25.314,47.268,49.015,60.939
25.356,47.57,48.931,61.167
25.356,47.57,48.931,61.167
25.375,47.667,48.912,61.242
25.48,48.117,48.957,61.655
25.778,48.416,49.179,61.909
25.752,48.542,49.161,62.039
25.752,48.542,49.161,62.039
25.774,48.884,49.507,62.575
26.227,49.249,49.874,62.888
26.189,49.344,49.891,63.016
26.658,49.305,50.354,62.974
26.658,49.305,50.354,62.974
26.718,49.594,50.37,63.237
27.208,50.007,50.829,63.632
27.444,50.46,51.046,64.073
28.251,50.849,51.889,64.483
28.68,50.882,52.152,64.418
28.68,50.882,52.152,64.418
29.087,51.2,52.793,64.874
29.325,51.549,53.155,65.297
29.807,52.021,53.682,65.796
30.268,52.172,54.245,66.008
30.268,52.172,54.245,66.008
30.493,52.291,54.486,66.137
31.053,52.653,55.046,66.499
31.391,52.66,55.36,66.491
31.391,52.66,55.36,66.491
31.907,52.959,55.829,66.762
32.363,53.268,56.295,67.077
32.79,53.402,56.74,67.222
33.157,53.701,57.179,67.563
33.636,53.948,57.769,67.876
34.256,54.218,58.365,68.132
35.002,54.572,59.256,68.572
35.002,54.572,59.256,68.572
35.828,54.885,60.252,68.986
36.666,54.92,61.112,69.035
37.105,54.952,61.551,69.066
37.903,55.048,62.351,69.163
38.474,55.444,62.952,69.578
39.32,55.85,63.813,69.992
40.13,60.136,64.692,74.319
40.625,60.515,65.233,74.725
40.625,60.515,65.233,74.725
41.22,60.717,65.871,74.953
41.748,61.127,66.417,75.373
42.358,61.543,67.187,75.885
42.358,61.543,67.187,75.885
42.912,61.959,67.721,76.289
43.389,62.001,68.213,76.339
43.933,61.997,68.742,76.327
44.585,62.012,69.397,76.343
44.585,62.012,69.397,76.343
45.552,62.442,70.399,76.795
46.48,62.526,71.429,76.939
47.417,62.973,72.535,77.487
47.417,62.973,72.535,77.487
48.334,63.307,73.567,77.889
49.358,63.752,74.556,78.312
50.787,64.276,75.955,78.82
51.965,64.246,77.296,78.885
51.965,64.246,77.296,78.885
53.274,64.261,78.498,78.837
54.295,64.246,79.485,78.802
55.339,64.238,80.608,78.841
56.351,64.28,81.573,78.855
56.351,64.28,81.573,78.855
57.694,64.606,82.927,79.187
58.767,64.984,84.189,79.678
59.796,65.313,85.219,80.008
61.081,65.649,86.659,80.436
62.162,66.084,87.765,80.886
63.273,66.722,88.823,81.492
64.221,67.173,89.769,81.943
64.221,67.173,89.769,81.943
64.921,67.27,90.497,82.056
65.774,67.323,91.261,82.056
66.624,67.362,92.109,82.094
67.574,67.413,93.056,82.142
67.574,67.413,93.056,82.142
68.682,67.777,94.146,82.496
69.697,67.914,95.325,82.73
70.86,68.289,96.404,83.055
71.939,68.45,97.518,83.238
71.939,68.45,97.518,83.238
73.243,69,98.749,83.745
74.524,69.253,100.11,84.047
75.795,69.413,101.26,84.134
75.795,69.413,101.26,84.134
77.196,69.404,102.49,84.02
78.495,69.287,103.81,83.919
79.876,69.311,105.17,83.927
79.876,69.311,105.17,83.927
81.455,69.407,106.65,83.968
82.966,69.456,108.16,84.017
84.621,69.507,109.72,84.011
84.621,69.507,109.72,84.011
86.222,69.884,111.22,84.326
87.729,70.316,112.72,84.756
88.919,70.532,113.89,84.959
88.919,70.532,113.89,84.959
90.065,70.903,114.86,85.224
91.008,70.899,115.83,85.236
91.986,70.82,116.89,85.205
91.986,70.82,116.89,85.205
93.229,70.862,118.11,85.237
94.233,70.948,119.17,85.355
95.5,71.106,120.69,85.664
95.5,71.106,120.69,85.664
96.962,71.164,122.31,85.816
98.166,71.248,123.72,86.021
99.336,71.376,124.81,86.099
100.56,71.556,126.14,86.343
101.82,71.865,127.38,86.641
101.82,71.865,127.38,86.641
103.28,71.857,128.77,86.588
104.65,71.681,130.17,86.431
105.98,71.58,131.43,86.295
107.73,71.821,132.98,86.41
109.56,71.958,134.44,86.332
109.56,71.958,134.44,86.332
111.38,71.93,136.06,86.184
113.26,72.069,137.55,86.092
114.7,72.146,138.98,86.159
114.7,72.146,138.98,86.159
115.88,72.31,140.09,86.279
117.04,72.358,140.95,86.157
117.97,72.281,141.91,86.098
117.97,72.281,141.91,86.098
118.89,72.165,142.8,85.96
120.27,72.144,143.89,85.765
121.21,72.071,144.84,85.699
122.15,72.067,145.7,85.645
123.33,72.05,146.97,85.682
123.33,72.05,146.97,85.682
123.99,71.88,147.77,85.595
124.93,71.731,148.81,85.51
126.06,71.888,149.9,85.643
127.02,71.904,150.86,85.659
127.02,71.904,150.86,85.659
128.36,71.873,152.15,85.594
129.81,71.765,153.45,85.399
131.09,71.758,154.73,85.393
131.09,71.758,154.73,85.393
132.52,71.65,156.15,85.278
134.2,71.655,157.61,85.152
135.85,71.755,159.29,85.269
137.37,71.711,160.88,85.265
138.86,71.816,162.31,85.336
140.02,71.881,163.41,85.363
140.02,71.881,163.41,85.363
147.37,74.072,170.59,87.457
148.53,74.225,171.36,87.383
149.49,74.369,172.01,87.338
149.49,74.369,172.01,87.338
150.62,74.428,172.55,87.045
151.77,74.637,173,86.844
152.62,74.728,173.36,86.645
152.62,74.728,173.36,86.645
153.47,74.837,173.96,86.602
154.32,74.984,174.55,86.592
155.4,75.087,175.27,86.486
155.97,75.106,175.77,86.463
156.62,75.118,176.41,86.472
156.62,75.118,176.41,86.472
157.23,75.235,176.8,86.452
157.92,75.309,177.45,86.507
158.38,75.338,177.9,86.528
159.17,75.385,178.64,86.544
159.17,75.385,178.64,86.544
160.29,75.35,179.74,86.5
167.17,77.516,186.6,88.655
167.76,77.553,187.32,88.766
168.46,77.32,188.12,88.586
168.46,77.32,188.12,88.586
169.17,77.283,188.91,88.6
169.43,77.164,189.6,88.741
169.56,77.013,190.15,88.836
169.78,77.118,190.55,89.045
170,76.982,191.17,89.149
170,76.982,191.17,89.149
178.32,76.767,200.12,89.308
179.11,76.732,200.92,89.285
180.12,76.768,201.81,89.245
180.12,76.768,201.81,89.245
182.45,76.852,204.05,89.276
182.45,76.852,204.05,89.276
183.51,76.888,205.16,89.342
184.88,76.942,206.69,89.495
185.78,76.966,207.65,89.551
186.71,77.052,208.71,89.716
186.71,77.052,208.71,89.716
187.68,77.381,209.69,90.043
188.91,77.383,210.92,90.05
190.47,77.404,212.48,90.073
191.95,77.255,213.83,89.846
193.41,77.282,215.35,89.911
193.41,77.282,215.35,89.911
195.33,77.307,217.19,89.887
197.29,77.442,219.18,90.041
198.96,77.667,221.02,90.366
201.09,77.799,223.1,90.465
203.51,77.479,225.03,89.853
205.1,77.297,226.29,89.481
205.1,77.297,226.29,89.481
206.4,76.911,227.45,89.009
207.33,76.631,228.1,88.559
208.72,76.033,229.12,87.743
208.72,76.033,229.12,87.743
209.7,75.586,229.78,87.108
210.47,75.199,230.46,86.661
211.28,75.106,231.14,86.497
212.14,74.891,231.83,86.18
212.14,74.891,231.83,86.18
212.93,74.65,232.44,85.834
213.33,74.507,232.83,85.683
213.8,74.452,233.23,85.586
214.11,74.36,233.38,85.401
214.54,74.392,233.66,85.341
214.54,74.392,233.66,85.341
215.02,74.429,233.93,85.26
210.46,69.611,239.23,90.351
210.87,69.799,239.55,90.475
211.65,70.07,240.37,90.776
212.36,70.284,240.94,90.892
213.06,70.496,241.55,91.037
213.06,70.496,241.55,91.037
213.53,70.702,241.85,91.12
214.2,70.804,242.46,91.173
214.59,70.849,242.86,91.228
214.94,70.945,243.15,91.276
215.13,71.053,243.3,91.354
215.13,71.053,243.3,91.354
215.36,71.137,243.55,91.456
215.48,71.152,243.72,91.506
215.57,71.182,243.84,91.559
215.69,71.167,243.97,91.555
215.75,71.161,244.03,91.548
215.75,71.161,244.03,91.548
215.85,71.096,244.13,91.481
215.92,71.083,244.22,91.482
219.95,69.012,248.24,89.405
219.95,69.012,248.24,89.405
219.94,68.89,248.3,89.337
219.97,68.853,248.35,89.312
219.98,68.811,248.38,89.285
220.03,68.793,248.45,89.282
220.08,68.809,248.55,89.333
220.08,68.809,248.55,89.333
220.13,68.825,248.59,89.341
220.15,68.821,248.61,89.341
220.16,68.826,248.65,89.364
220.23,68.824,248.76,89.392
220.31,68.865,248.84,89.434
220.31,68.865,248.84,89.434
220.39,68.908,248.9,89.463
220.4,68.955,249,89.571
220.53,69.063,249.06,89.634
220.61,69.153,249.12,89.702
220.74,69.263,249.26,89.827
220.74,69.263,249.26,89.827
220.74,69.258,249.27,89.828
220.79,69.326,249.31,89.89
220.78,69.362,249.39,89.987
220.86,69.412,249.44,90.017
221.1,69.674,249.63,90.242
221.1,69.677,249.63,90.248
221.1,69.677,249.63,90.248
221.1,69.674,249.63,90.245
221.12,69.701,249.63,90.26
221.12,69.713,249.63,90.268
221.11,69.74,249.59,90.266
221.11,69.74,249.59,90.266
221.13,69.75,249.6,90.279
221.12,69.754,249.6,90.28
221.12,69.753,249.59,90.279
221.13,69.756,249.6,90.283
221.13,69.756,249.6,90.283
221.13,69.774,249.6,90.299
221.14,69.78,249.62,90.311
221.14,69.779,249.63,90.319
223.14,67.78,251.63,88.313
223.17,67.783,251.65,88.32
223.24,67.764,251.79,88.341
223.24,67.764,251.79,88.341
223.25,67.773,251.79,88.35
223.24,67.772,251.79,88.353
223.25,67.795,251.81,88.38
223.25,67.795,251.81,88.38
223.25,67.796,251.81,88.384
223.27,67.793,251.83,88.388
223.28,67.804,251.85,88.398
223.3,67.809,251.88,88.414
223.3,67.809,251.88,88.414
223.3,67.804,251.88,88.414
223.31,67.818,251.9,88.425
223.32,67.832,251.91,88.441
223.32,67.832,251.91,88.441
223.32,67.818,251.93,88.442
223.32,67.823,251.92,88.443
223.33,67.825,251.92,88.442
223.33,67.824,251.93,88.44
223.33,67.821,251.93,88.437
223.33,67.819,251.93,88.436
223.33,67.819,251.93,88.436
223.32,67.814,251.92,88.428
223.32,67.814,251.92,88.428
223.32,67.816,251.9,88.425
223.32,67.819,251.9,88.425
223.3,67.811,251.89,88.422
223.3,67.813,251.89,88.423
223.29,67.799,251.88,88.417
223.29,67.799,251.88,88.417
223.29,67.8,251.88,88.418
223.29,67.8,251.88,88.418
223.28,67.802,251.88,88.422
223.28,67.802,251.87,88.42
223.27,67.802,251.87,88.42
223.27,67.803,251.86,88.419
223.27,67.803,251.86,88.419
223.27,67.801,251.87,88.418
223.27,67.801,251.87,88.418
223.27,67.806,251.86,88.417
223.27,67.804,251.86,88.415
223.27,67.804,251.86,88.415
223.27,67.802,251.86,88.412
223.27,67.805,251.85,88.414
223.27,67.805,251.86,88.414
223.27,67.802,251.86,88.411
223.27,67.802,251.86,88.411
223.27,67.797,251.86,88.413
225.26,67.776,253.88,88.407
225.26,67.773,253.87,88.404
225.25,67.771,253.88,88.407
225.26,67.771,253.88,88.406
225.26,67.771,253.88,88.406
225.26,67.771,253.88,88.404
225.25,67.772,253.87,88.406
225.25,67.773,253.87,88.41
225.25,67.773,253.87,88.403
225.25,67.773,253.87,88.403
225.25,67.773,253.87,88.405
225.26,67.776,253.87,88.406
225.25,67.773,253.87,88.404
225.25,67.774,253.87,88.409
225.25,67.774,253.87,88.409
225.24,67.774,253.87,88.411
225.25,67.778,253.87,88.413
225.24,67.779,253.87,88.419
225.25,67.783,253.87,88.418
225.25,67.783,253.87,88.418
225.24,67.78,253.87,88.423
225.24,67.779,253.87,88.423
225.24,67.78,253.87,88.423
225.24,67.78,253.87,88.422
225.24,67.78,253.87,88.422
225.24,67.78,253.87,88.422
225.25,67.781,253.88,88.423
225.24,67.774,253.87,88.413
225.25,67.783,253.87,88.416
225.25,67.783,253.87,88.416
225.24,67.779,253.87,88.415
225.25,67.783,253.87,88.419
225.24,67.775,253.87,88.415
225.24,67.775,253.87,88.415
225.24,67.782,253.87,88.422
225.24,67.781,253.86,88.422
225.24,67.792,253.87,88.433
225.24,67.792,253.87,88.431
225.24,67.792,253.87,88.431
225.25,67.791,253.88,88.433
225.24,67.79,253.87,88.433
225.24,67.792,253.87,88.433
225.24,67.787,253.86,88.426
225.24,67.787,253.86,88.426
225.23,67.789,253.86,88.432
225.23,67.784,253.86,88.431
225.23,67.787,253.86,88.432
225.23,67.784,253.87,88.431
225.23,67.784,253.87,88.431
225.23,67.789,253.87,88.434
225.24,67.789,253.87,88.435
225.24,67.788,253.87,88.436
225.24,67.793,253.87,88.44
225.23,67.786,253.86,88.433
225.23,67.786,253.86,88.433
225.23,67.787,253.87,88.436
225.23,67.786,253.87,88.433
225.23,67.788,253.87,88.434
225.22,67.788,253.86,88.437
225.22,67.788,253.86,88.437
225.22,67.784,253.85,88.428
225.22,67.788,253.86,88.435
225.22,67.789,253.86,88.432
225.22,67.789,253.86,88.432
225.27,67.864,253.88,88.494
225.27,67.866,253.88,88.495
225.27,67.867,253.88,88.496
225.27,67.867,253.88,88.495
225.27,67.867,253.88,88.495
225.27,67.866,253.88,88.494
225.28,67.863,253.88,88.486
225.29,67.866,253.88,88.483
225.28,67.868,253.87,88.479
225.28,67.868,253.87,88.479
225.28,67.873,253.87,88.482
225.28,67.873,253.87,88.485
225.28,67.869,253.87,88.48
225.28,67.872,253.86,88.48
225.28,67.872,253.86,88.48
225.28,67.876,253.86,88.486
225.28,67.878,253.87,88.488
225.28,67.877,253.87,88.486
225.28,67.877,253.87,88.486
225.27,67.876,253.86,88.487
225.27,67.879,253.86,88.491
225.26,67.88,253.85,88.492
225.27,67.878,253.86,88.491
225.27,67.87,253.86,88.482
225.27,67.87,253.86,88.481
225.27,67.87,253.86,88.481
225.27,67.874,253.86,88.482
225.27,67.88,253.85,88.488
225.27,67.885,253.85,88.491
225.27,67.885,253.85,88.491
225.27,67.889,253.85,88.493
225.27,67.89,253.85,88.494
225.27,67.887,253.85,88.49
225.28,67.888,253.86,88.491
225.28,67.888,253.86,88.491
225.28,67.88,253.86,88.488
225.29,67.878,253.88,88.491
225.29,67.876,253.88,88.492
225.29,67.876,253.88,88.492
225.29,67.874,253.89,88.489
225.3,67.877,253.89,88.492
225.29,67.869,253.89,88.486
225.29,67.871,253.89,88.493
225.29,67.867,253.89,88.484
225.29,67.871,253.89,88.487
225.29,67.871,253.89,88.487
225.29,67.868,253.89,88.483
225.29,67.872,253.89,88.486
225.3,67.872,253.89,88.486
225.3,67.875,253.89,88.49
225.3,67.88,253.9,88.496
225.3,67.88,253.9,88.496
225.3,67.879,253.9,88.494
225.3,67.879,253.9,88.496
225.3,67.882,253.9,88.499
225.3,67.884,253.9,88.502
225.3,67.884,253.9,88.502
225.29,67.883,253.89,88.499
225.3,67.885,253.89,88.5
225.3,67.887,253.89,88.497
225.3,67.889,253.89,88.498
225.3,67.889,253.89,88.498
225.31,67.89,253.9,88.499
225.3,67.894,253.87,88.496
223.33,67.862,251.87,88.435
221.34,67.342,249.89,87.924
221.34,67.342,249.89,87.924
219.59,67.339,248.13,87.912
217.85,67.344,246.35,87.893
215.87,66.894,244.38,87.448
213.24,66.841,241.73,87.378
210.24,66.34,238.77,86.906
207.71,66.322,236.24,86.889
207.71,66.322,236.24,86.889
204.75,65.973,233.29,86.545
202.21,65.899,230.66,86.412
199.51,65.608,228.03,86.169
199.51,65.608,228.03,86.169
196.54,65.679,225.05,86.232
194.57,67.086,223.17,87.706
192.63,69.087,221.22,89.697
190.75,71.157,219.24,91.7
190.76,73.651,219.23,94.173
190.77,75.823,219.24,96.352
190.79,78.238,219.3,98.785
190.79,78.238,219.3,98.785
190.78,80.698,219.31,101.26
190.77,82.758,219.31,103.34
190.21,85.223,218.8,105.83
188.57,87.552,217.14,108.15
186.83,89.765,215.32,110.3
186.83,89.765,215.32,110.3
184.88,91.831,213.34,112.35
182.99,94.306,211.6,114.93
180.16,96.348,208.74,116.95
177.58,98.766,206.25,119.44
177.58,98.766,206.25,119.44
173.58,100.76,202.8,121.84
169.43,102.03,199.11,123.44
165.31,103.53,195.87,125.58
161.15,105.5,192.38,128.04
161.15,105.5,192.38,128.04
155.66,107.11,188.46,130.8
149.8,109.5,184.51,134.58
142.86,111.76,179.68,138.38
134.76,114.57,173.74,142.77
128.7,117.46,169.84,147.24
128.7,117.46,169.84,147.24
122.29,120.58,165.38,151.78
117.76,121.62,162.84,154.28
113.44,122.84,160.63,157.04
110.27,123.95,159.97,159.97
110.27,123.95,159.97,159.97
107.58,125.03,160.04,163.07
105.36,125.77,160.7,165.92
102.2,126.7,160.14,168.75
102.2,126.7,160.14,168.75
101.24,127,160.37,169.92
101.28,127.01,160.4,169.92
101.29,126.01,160.4,168.92
101.24,124.71,160.42,167.66
101.24,124.71,160.42,167.66
101.17,123.61,160.45,166.65
101.34,122.48,160.61,165.5
101.33,121.09,160.56,164.08
101.34,120.09,160.58,163.09
101.36,118.76,160.58,161.75
101.36,118.76,160.58,161.75
101.37,117.65,160.64,160.68
101.45,116.36,160.68,159.35
101.44,115.35,160.67,158.34
101.44,115.35,160.67,158.34
101.45,114.35,160.67,157.33
101.46,113.35,160.68,156.34
101.46,112.35,160.68,155.34
101.44,110.96,160.57,153.88
101.44,110.96,160.57,153.88
101.41,109.91,160.6,152.87
101.4,108.9,160.6,151.87
101.4,107.4,160.58,150.35
101.37,106.2,160.63,149.22
101.37,106.2,160.63,149.22
101.44,104.9,160.56,147.81
101.47,103.91,160.56,146.8
101.5,102.43,160.53,145.28
101.5,102.43,160.53,145.28
101.5,101.41,160.59,144.3
101.53,100.09,160.51,142.9
101.57,99.022,160.57,141.84
101.57,99.022,160.57,141.84
101.59,98.036,160.55,140.83
101.59,98.031,160.56,140.83
101.57,98.029,160.54,140.83
101.57,98.011,160.52,140.8
101.56,98.003,160.52,140.8
101.56,98.003,160.52,140.8
101.52,97.973,160.51,140.78
101.52,97.985,160.5,140.79
101.52,97.986,160.49,140.79
101.51,97.986,160.48,140.79
101.44,97.971,160.41,140.77
101.44,97.971,160.41,140.77
101.4,97.95,160.38,140.76
101.3,97.883,160.25,140.67
101.32,97.896,160.27,140.68
101.23,97.875,160.17,140.65
101.17,97.873,160.08,140.63
101.17,97.873,160.08,140.63
101.19,97.84,160.15,140.63
101.05,97.876,160,140.66
101.03,97.864,160,140.67
100.98,97.831,160.03,140.69
100.98,97.831,160.03,140.69
100.91,97.828,159.98,140.7
100.81,97.829,159.83,140.67
100.73,97.829,159.81,140.71
86.667,103.79,145.75,146.67
86.506,103.74,145.67,146.68
86.506,103.74,145.67,146.68
80.239,107.66,139.39,150.6
80.045,107.59,139.19,150.52
73.876,113.59,133.22,156.66
67.68,117.59,127.09,160.71
67.68,117.59,127.09,160.71
67.236,118.59,126.78,161.81
67.149,119.02,126.66,162.22
50.863,131.19,110.42,174.42
50.863,131.19,110.42,174.42
47.515,130.28,106.98,173.44
43.987,129.69,103.64,172.99
43.987,129.69,103.64,172.99
40.174,129.75,99.503,172.81
35.557,130.86,94.294,173.49
31.024,131.99,89.535,174.45
24.879,132.7,83.754,175.43
19.587,132.74,78.46,175.47
19.587,132.74,78.46,175.47
14.754,132.32,73.493,174.95
10.243,132.61,69.943,175.95
3.1302,133.6,62.126,176.42
-2.4542,134.41,56.446,177.16
-2.4542,134.41,56.446,177.16
-4.6474,134.74,54.299,177.52
-7.2064,135.41,51.236,177.83
-11.218,135.33,48.278,178.51
-11.218,135.33,48.278,178.51
-14.739,135.66,44.279,178.5
-18.15,135.9,41.548,179.23
-19.887,136.28,39.441,179.34
-19.887,136.28,39.441,179.34
-21.204,136.54,38.237,179.68
-22.692,136.1,37.456,179.76
-23.728,135.96,35.453,178.91
-26.974,135.22,32.461,178.36
-26.974,135.22,32.461,178.36
-30.299,134.13,29.574,177.59
-31.776,132.55,30.586,177.83
-31.565,131.59,32.901,178.41
-29.329,131.18,36.298,178.85
-29.329,131.18,36.298,178.85
-24.187,131.67,40.072,178.34
-17.52,131.76,44.366,176.69
-10.475,131.6,49.883,175.42
-10.475,131.6,49.883,175.42
-1.6984,131.56,56.676,173.93
7.0003,131.47,64.604,173.27
14.611,131.12,72.03,172.78
-1.3892,131.12,56.03,172.78
6.6439,131.01,63.853,172.52
-1.186,128.74,55.345,169.76
6.7181,128.63,62.31,168.97
14.213,128,70.07,168.53
2.2528,123.34,57.922,163.73
7.8138,121.9,64.734,163.21
7.8138,121.9,64.734,163.21
13.862,120.58,72.353,163.03
18.368,119.08,77.734,162.17
4.2184,120,63.952,163.36
8.0799,118.58,67.679,161.84
8.0799,118.58,67.679,161.84
11.844,117.41,71.126,160.44
15.951,116.28,75.102,159.21
20.067,116.46,78.68,159
23.947,115.97,82.747,158.64
28.428,116.38,85.415,157.73
28.428,116.38,85.415,157.73
32.465,116.2,88.43,156.8
36.742,116.35,91.814,156.3
40.338,115.64,96.25,156.2
44.398,114.99,100.43,155.65
44.398,114.99,100.43,155.65
49.122,114.06,105.23,154.78
53.877,113.04,110.21,153.91
58.315,112.1,114.79,153.07
63.696,111.18,120.23,152.2
63.696,111.18,120.23,152.2
68.009,110.03,125.62,151.84
73.043,109.2,131.05,151.3
77.781,108.43,136.4,150.97
77.781,108.43,136.4,150.97
82.658,107.75,141.98,150.8
87.03,106.31,147.14,149.94
91.298,104.97,151.15,148.42
94.843,104,155.42,147.97
94.843,104,155.42,147.97
98.597,103.68,159.69,148.03
101.73,103.36,163.9,148.5
105.49,103.43,167.91,148.75
105.49,103.43,167.91,148.75
107.78,102.89,170.93,148.74
110.76,102.73,172.62,147.65
115.61,102.76,177.03,147.35
115.61,102.76,177.03,147.35
120.5,102.23,182.39,147.16
124.4,101.17,187.35,146.88
129.17,101.03,191.61,146.36
129.17,101.03,191.61,146.36
133.84,100.48,195.98,145.59
138.31,99.357,201.12,144.96
142.94,90.652,206.12,136.53
147.84,89.829,211.07,135.74
147.84,89.829,211.07,135.74
153.19,89.252,215.33,134.37
156.96,87.815,219.45,133.18
159.11,86.669,222.01,132.34
156.36,85.582,218.55,130.73
156.36,85.582,218.55,130.73
153.06,84.331,214.91,129.23
149.38,83.36,211.55,128.5
145.69,82.844,207.76,127.91
141.22,82.442,203.54,127.69
141.22,82.442,203.54,127.69
137.95,81.973,199.78,126.86
134.64,80.873,196.14,125.53
132.01,79.84,193.09,124.19
132.01,79.84,193.09,124.19
129.12,79.034,189.75,123.04
126.23,78.088,186.84,122.08
124.13,77.565,184.16,121.14
122.97,76.835,182.11,119.76
122.01,76.366,180.32,118.69
121.48,76.279,178.85,117.91
121.24,76.29,178.42,117.79
121.24,76.29,178.42,117.79
122.53,77.19,176.97,116.68
123.91,78.08,176.11,115.93
125.62,79.322,175.61,115.57
125.98,79.491,173.92,114.24
125.98,79.491,173.92,114.24
125.63,79.386,162.46,103.31
125.61,80.036,161.73,103.51
126.57,81.1,161.35,103.68
126.65,82.649,159.53,103.98
126.65,82.649,159.53,103.98
125.22,82.66,158.08,103.98
123.76,82.14,156.58,103.43
122.44,81.187,155.5,102.63
120.84,80.454,154.09,102.03
116.73,79.759,149.91,101.28
121.73,80.759,148.91,96.282
117.39,79.872,144.53,95.378
112.96,79.658,140.1,95.161
109.19,79.362,135.72,94.505
109.19,79.362,135.72,94.505
104.12,78.918,130.77,94.135
97.718,78.57,124.38,93.793
91.707,78.52,118.33,93.722
85.777,78.083,112.12,93.118
85.777,78.083,112.12,93.118
80.203,77.509,106.08,92.27
73.817,77.047,99.734,91.833
66.84,76.683,92.917,91.564
66.84,76.683,92.917,91.564
59.809,76.429,86.45,91.641
52.286,76.037,79.023,91.304
49.286,75.963,75.8,91.1
49.286,75.963,75.8,91.1
47.294,75.954,73.836,91.107
46.308,75.525,73.343,90.968
45.417,74.859,72.435,90.292
43.701,73.948,71.282,89.71
42.866,73.476,70.363,89.189
41.927,72.995,69.403,88.697
41.329,72.375,68.921,88.144
41.329,72.375,68.921,88.144
41.091,72.086,68.462,87.725
41.132,72.118,68.465,87.735
40.819,71.646,68.097,87.231
40.955,71.509,68.067,86.996
40.963,70.99,67.964,86.412
40.793,70.295,67.577,85.59
40.536,69.549,67.291,84.827
40.536,69.549,67.291,84.827
39.878,68.798,67.037,84.313
38.962,68.193,66.318,83.823
37.88,67.558,65.741,83.485
37.09,67.362,64.884,83.25
35.296,66.961,64.022,83.395
34.806,66.601,63.609,83.08
34.373,66.004,63.18,82.485
34.373,66.004,63.18,82.485
32.851,65.391,62.285,82.241
31.586,64.601,61.298,81.614
30.546,63.914,60.157,80.867
29.527,63.391,59.402,80.499
29.527,63.391,59.402,80.499
29.31,63.391,58.803,80.275
28.909,63.798,58.179,80.551
29.014,64.115,58.016,80.712
19.119,60.76,47.945,77.252
19.119,60.76,47.945,77.252
19.945,60.886,48.739,77.36
20.455,61.203,48.683,77.345
20.478,61.33,48.504,77.354
20.472,61.381,48.43,77.364
20.472,61.381,48.43,77.364
20.214,61.452,47.994,77.331
20.201,61.466,47.963,77.336
20.266,62.043,47.78,77.766
20.266,62.043,47.78,77.766
20.261,63.083,47.144,78.437
20.361,64.629,46.568,79.585
20.251,66.464,45.629,80.935
20.508,68.982,45.04,82.956
20.508,68.982,45.04,82.956
20.479,70.889,44.622,84.635
20.472,72.459,43.76,85.704
20.41,73.027,43.662,86.251
20.41,73.027,43.662,86.251
20.195,73.538,43.111,86.565
19.988,74.297,42.481,87.075
19.65,74.951,42.05,87.675
19.65,74.951,42.05,87.675
19.611,75.845,41.649,88.356
19.291,76.707,41.402,89.261
19.261,77.108,41.376,89.664
19.322,77.42,41.546,90.041
19.322,77.42,41.546,90.041
19.786,77.801,41.946,90.383
17.87,80.364,40.059,92.965
18.166,80.927,40.31,93.501
18.549,81.559,40.83,94.212
18.549,81.559,40.83,94.212
18.992,82.323,41.396,95.049
19.47,83.044,42.014,95.853
19.887,83.339,42.359,96.105
20.326,83.4,42.868,96.207
20.326,83.4,42.868,96.207
20.434,83.704,43.08,96.573
20.579,84.299,43.218,97.163
20.827,85.149,43.391,97.969
21.436,85.775,43.766,98.458
21.903,86.287,44.459,99.102
21.903,86.287,44.459,99.102
22.445,87.158,45.492,100.26
23.227,88.314,46.44,101.51
23.909,89.09,47.001,102.22
24.364,89.119,47.496,102.27
24.364,89.119,47.496,102.27
20.829,89.504,43.983,102.67
21.324,89.53,44.485,102.7
22.083,90.034,45.136,103.14
22.083,90.034,45.136,103.14
22.737,90.175,45.737,103.25
23.63,90.637,46.796,103.81
24.624,91.439,47.827,104.63
25.672,92.28,48.923,105.5
27.054,92.698,50.215,105.87
27.054,92.698,50.215,105.87
28.164,92.881,51.267,106.02
29.089,92.91,52.247,106.08
29.764,93.342,53.01,106.56
30.679,93.884,53.766,107.01
30.679,93.884,53.766,107.01
31.467,94.365,54.642,107.54
32.363,94.906,55.522,108.08
33.105,95.708,56.357,108.93
33.766,96.662,57.045,109.9
34.546,97.876,58.049,111.25
35.088,98.765,58.637,112.16
35.088,98.765,58.637,112.16
35.552,99.224,59.058,112.6
35.913,99.285,59.365,112.63
36.25,99.799,59.669,113.12
36.601,100.35,59.979,113.64
37.083,101.15,60.459,114.45
37.083,101.15,60.459,114.45
37.527,101.93,61.017,115.29
38.103,102.95,61.368,116.18
38.807,104.18,61.961,117.35
39.173,105.41,62.266,118.54
40.001,106.21,62.866,119.21
40.524,106.41,63.146,119.26
40.524,106.41,63.146,119.26
40.781,106.74,63.383,119.58
40.849,107.24,63.447,120.08
40.877,108.27,63.483,121.11
40.877,108.27,63.483,121.11
40.848,109.57,63.48,122.43
37.789,103.62,70.421,126.48
37.377,104.7,70.187,127.69
37.067,105.82,69.859,128.79
37.067,105.82,69.859,128.79
36.656,106.83,69.492,129.84
36.148,107.31,69.137,130.42
36.193,107.91,68.984,130.88
36.243,108.32,68.89,131.19
36.243,108.32,68.89,131.19
36.17,108.95,68.714,131.75
36.04,109.76,68.487,132.49
35.793,110.57,68.217,133.28
35.449,111.14,68.181,134.07
35.121,112.05,67.975,135.07
34.931,112.98,67.986,136.14
34.931,112.98,67.986,136.14
34.786,113.63,67.584,136.61
34.776,113.6,67.579,136.59
34.703,113.64,67.516,136.62
34.479,113.84,67.31,136.84
36.479,117.84,69.31,140.84
36.393,118.4,69.171,141.36
36.348,119.23,69.044,142.14
36.292,119.99,68.83,142.78
36.292,119.99,68.83,142.78
36.121,121.42,68.457,144.07
35.914,121.98,68.133,144.55
35.637,122.89,67.707,145.35
35.1,122.15,67.276,144.69
35.1,122.15,67.276,144.69
34.279,120.93,66.493,143.49
33.447,119.37,65.875,142.09
32.714,118.1,64.912,140.65
32.714,118.1,64.912,140.65
31.93,116.56,64.246,139.19
31.311,115.28,63.771,138.02
30.456,114.05,62.887,136.77
29.537,112.34,62.5,135.44
29.537,112.34,62.5,135.44
28.965,110.95,62.318,134.32
28.476,109.29,62.09,132.84
28.381,107.79,62.012,131.36
28.381,107.79,62.012,131.36
28.406,106.31,61.953,129.82
28.687,105.9,62.064,129.29
28.696,106.5,62.021,129.85
28.727,106.74,62.005,130.06
28.727,106.74,62.005,130.06
28.728,106.81,61.966,130.1
28.829,107.26,61.739,130.32
28.793,107.94,61.348,130.75
28.793,107.94,61.348,130.75
29.371,109.34,61.338,131.73
29.371,109.34,61.338,131.73
29.615,110.51,61.259,132.66
29.89,111.6,61.014,133.39
29.929,112.6,60.551,134.03
29.929,112.6,60.551,134.03
30.126,113.86,59.833,134.65
29.614,114.9,59.236,135.62
29.792,115.86,59.529,136.66
30.121,116.9,60.456,138.13
30.182,117.97,60.726,139.35
30.617,119.07,60.948,140.29
30.617,119.07,60.948,140.29
31.359,119.8,61.538,140.92
31.572,120.55,61.859,141.75
29.569,121.91,59.986,143.19
27.835,123.4,58.253,144.69
27.835,123.4,58.253,144.69
25.987,124.72,56.252,145.9
24.32,126.06,54.6,147.25
22.909,127.48,53.325,148.77
21.638,129.39,52.448,150.96
21.638,129.39,52.448,150.96
20.583,130.84,51.416,152.43
19.673,132,50.194,153.36
