57,101,84,123
58,101,85,123
60,101,87,123
62,102,89,124
62,102,89,124
64,103,91,125
64,104,91,126
65,104,92,126
67,105,94,127
66,105,93,127
70,106,97,128
71,107,98,129
68,108,95,130
66,107,93,129
68,107,95,129
66,108,93,130
67,108,94,130
64,109,91,131
61,109,88,131
63,109,90,131
63,110,90,132
62,112,89,134
61,112,88,134
63,112,90,134
65,112,92,134
65,112,92,134
68,112,95,134
73,112,100,134
77,113,104,135
84,113,111,135
90,113,117,135
92,114,119,136
93,114,120,136
93,114,120,136
95,114,122,136
96,114,123,136
97,114,124,136
97,115,124,137
98,115,125,137
99,115,126,137
100,115,127,137
100,115,127,137
102,116,129,138
103,116,130,138
104,116,131,138
101,117,128,139
103,116,130,138
103,115,130,137
105,112,132,134
107,112,134,134
108,110,135,132
112,107,139,129
110,106,137,128
116,104,143,126
118,103,145,125
118,103,145,125
121,102,148,124
120,102,147,124
119,100,146,122
121,101,148,123
120,101,147,123
125,102,152,124
126,102,153,124
128,103,155,125
128,103,155,125
129,103,156,125
130,103,157,125
131,103,158,125
132,104,159,126
133,104,160,126
133,104,160,126
133,104,160,126
134,104,161,126
135,103,162,125
138,104,165,126
140,104,167,126
142,103,169,125
142,103,169,125
143,104,170,126
145,105,172,127
151,103,178,125
150,105,177,127
151,105,178,127
151,105,178,127
154,105,181,127
154,106,181,128
154,106,181,128
155,106,182,128
155,107,182,129
159,106,186,128
160,107,187,129
160,105,187,127
161,107,188,129
160,106,187,128
163,105,190,127
160,106,187,128
161,106,188,128
166,104,193,126
168,108,195,130
167,107,194,129
166,107,193,129
170,106,197,128
171,107,198,129
175,109,202,131
175,109,202,131
177,111,204,133
178,111,205,133
179,112,206,134
179,112,206,134
180,112,207,134
179,112,206,134
179,112,206,134
180,112,207,134
180,113,207,135
181,114,208,136
182,113,209,135
182,115,209,137
182,114,209,136
183,116,210,138
182,117,209,139
183,116,210,138
182,115,209,137
182,116,209,138
182,118,209,140
182,118,209,140
182,117,209,139
182,119,209,141
181,119,208,141
182,124,209,146
182,123,209,145
180,125,207,147
180,126,207,148
181,128,208,150
180,128,207,150
179,128,206,150
179,128,206,150
179,129,206,151
179,130,206,152
177,129,204,151
178,128,205,150
177,130,204,152
175,130,202,152
174,130,201,152
175,131,202,153
172,132,199,154
168,133,195,155
170,132,197,154
169,133,196,155
168,133,195,155
169,133,196,155
168,133,195,155
167,132,194,154
166,133,193,155
164,133,191,155
164,133,191,155
162,133,189,155
160,133,187,155
159,133,186,155
159,132,186,154
157,130,184,152
157,129,184,151
157,128,184,150
155,125,182,147
154,123,181,145
153,121,180,143
152,119,179,141
152,119,179,141
149,117,176,139
143,113,170,135
139,110,166,132
139,110,166,132
137,109,164,131
136,108,163,130
135,107,162,129
136,107,163,129
135,106,162,128
134,107,161,129
134,106,161,128
133,107,160,129
133,106,160,128
130,105,157,127
127,105,154,127
127,105,154,127
127,104,154,126
126,103,153,125
125,103,152,125
125,103,152,125
123,102,150,124
122,102,149,124
120,101,147,123
119,103,146,125
117,103,144,125
116,102,143,124
112,101,139,123
110,100,137,122
110,100,137,122
106,100,133,122
106,100,133,122
104,100,131,122
104,100,131,122
118,104,145,126
117,105,144,127
118,104,145,126
117,104,144,126
117,103,144,125
115,104,142,126
113,105,140,127
113,104,140,126
108,103,135,125
107,101,134,123
106,100,133,122
106,99,133,121
104,99,131,121
103,98,130,120
104,99,131,121
101,98,128,120
103,99,130,121
98,96,125,118
100,98,127,120
98,97,125,119
96,95,123,117
96,96,123,118
95,95,122,117
92,94,119,116
91,94,118,116
90,93,117,115
90,93,117,115
90,93,117,115
88,92,115,114
88,92,115,114
88,92,115,114
87,91,114,113
86,90,113,112
83,88,110,110
84,87,111,109
83,87,110,109
81,86,108,108
81,86,108,108
81,86,108,108
78,85,105,107
79,85,106,107
79,85,106,107
78,84,105,106
76,82,103,104
77,82,104,104
75,81,102,103
73,80,100,102
73,80,100,102
72,80,99,102
71,80,98,102
71,80,98,102
70,80,97,102
70,80,97,102
70,78,97,100
70,78,97,100
69,77,96,99
68,76,95,98
68,75,95,97
68,75,95,97
68,75,95,97
68,74,95,96
69,74,96,96
67,73,94,95
67,73,94,95
67,73,94,95
66,72,93,94
65,71,92,93
65,70,92,92
64,69,91,91
64,69,91,91
63,69,90,91
64,69,91,91
62,68,89,90
62,68,89,90
63,68,90,90
63,68,90,90
62,67,89,89
62,66,89,88
62,66,89,88
63,65,90,87
63,64,90,86
62,64,89,86
61,62,88,84
62,63,89,85
61,62,88,84
63,62,90,84
63,62,90,84
63,61,90,83
61,61,88,83
62,61,89,83
60,59,87,81
61,58,88,80
60,57,87,79
62,58,89,80
61,57,88,79
60,55,87,77
60,55,87,77
59,55,86,77
59,55,86,77
58,55,85,77
58,53,85,75
58,53,85,75
59,52,86,74
57,51,84,73
57,51,84,73
57,51,84,73
57,51,84,73
59,50,86,72
58,50,85,72
58,50,85,72
58,50,85,72
59,50,86,72
56,48,83,70
55,48,82,70
54,48,81,70
53,47,80,69
55,48,82,70
53,47,80,69
52,47,79,69
52,46,79,68
51,46,78,68
51,46,78,68
51,47,78,69
51,46,78,68
51,45,78,67
48,44,75,66
48,43,75,65
48,43,75,65
47,42,74,64
46,42,73,64
45,42,72,64
46,43,73,65
45,42,72,64
44,42,71,64
42,40,69,62
40,40,67,62
39,40,66,62
39,41,66,63
39,42,66,64
36,40,63,62
37,42,64,64
37,40,64,62
34,40,61,62
36,40,63,62
33,40,60,62
34,39,61,61
32,39,59,61
32,41,59,63
32,39,59,61
32,40,59,62
32,42,59,64
33,41,60,63
30,40,57,62
28,41,55,63
30,40,57,62
28,41,55,63
27,42,54,64
26,43,53,65
25,43,52,65
25,43,52,65
26,44,53,66
24,44,51,66
25,45,52,67
24,45,51,67
24,45,51,67
24,45,51,67
23,45,50,67
23,46,50,68
23,46,50,68
23,46,50,68
22,46,49,68
23,46,50,68
23,47,50,69
22,48,49,70
22,48,49,70
21,49,48,71
21,49,48,71
21,50,48,72
21,50,48,72
21,50,48,72
20,51,47,73
19,53,46,75
20,53,47,75
20,54,47,76
21,54,48,76
20,55,47,77
20,55,47,77
20,55,47,77
19,56,46,78
20,56,47,78
19,57,46,79
19,57,46,79
20,57,47,79
17,58,44,80
18,59,45,81
17,59,44,81
17,59,44,81
18,60,45,82
16,60,43,82
16,60,43,82
17,61,44,83
17,61,44,83
18,61,45,83
19,62,46,84
19,63,46,85
20,63,47,85
20,63,47,85
20,63,47,85
20,63,47,85
21,63,48,85
21,63,48,85
22,64,49,86
22,64,49,86
23,65,50,87
22,64,49,86
23,65,50,87
24,67,51,89
24,66,51,88
24,67,51,89
25,68,52,90
25,68,52,90
25,68,52,90
25,69,52,91
26,69,53,91
26,69,53,91
25,71,52,93
28,70,55,92
26,71,53,93
26,71,53,93
27,72,54,94
28,72,55,94
28,72,55,94
30,73,57,95
30,73,57,95
30,74,57,96
31,74,58,96
31,74,58,96
32,76,59,98
32,76,59,98
32,76,59,98
34,77,61,99
35,78,62,100
35,78,62,100
35,78,62,100
36,79,63,101
36,79,63,101
37,79,64,101
38,80,65,102
39,80,66,102
39,80,66,102
39,80,66,102
40,81,67,103
41,82,68,104
41,82,68,104
41,82,68,104
43,82,70,104
44,83,71,105
46,84,73,106
46,84,73,106
48,85,75,107
50,86,77,108
51,87,78,109
51,87,78,109
52,87,79,109
54,88,81,110
55,88,82,110
55,88,82,110
57,89,84,111
57,89,84,111
58,90,85,112
58,89,85,111
58,89,85,111
59,90,86,112
60,91,87,113
61,91,88,113
63,92,90,114
63,93,90,115
63,93,90,115
63,92,90,114
64,93,91,115
65,93,92,115
67,95,94,117
69,95,96,117
69,95,96,117
71,95,98,117
73,96,100,118
75,97,102,119
75,97,102,119
77,98,104,120
79,99,106,121
81,99,108,121
83,101,110,123
84,100,111,122
84,100,111,122
86,100,113,122
87,101,114,123
89,102,116,124
89,102,116,124
90,103,117,125
92,101,119,123
93,103,120,125
93,102,120,124
95,102,122,124
95,103,122,125
96,103,123,125
97,102,124,124
99,102,126,124
98,103,125,125
99,103,126,125
106,106,133,128
109,106,136,128
108,106,135,128
110,107,137,129
114,107,141,129
117,107,144,129
118,108,145,130
119,107,146,129
120,107,147,129
122,107,149,129
123,107,150,129
122,108,149,130
124,107,151,129
125,108,152,130
126,108,153,130
130,107,157,129
130,107,157,129
131,108,158,130
131,108,158,130
132,107,159,129
132,107,159,129
134,107,161,129
135,107,162,129
138,106,165,128
143,106,170,128
142,106,169,128
146,106,173,128
149,106,176,128
152,106,179,128
155,105,182,127
155,106,182,128
157,106,184,128
157,106,184,128
159,106,186,128
160,105,187,127
159,107,186,129
162,105,189,127
162,106,189,128
161,107,188,129
168,104,195,126
169,103,196,125
169,103,196,125
170,102,197,124
169,103,196,125
168,104,195,126
169,104,196,126
170,102,197,124
170,104,197,126
172,103,199,125
176,102,203,124
177,102,204,124
178,102,205,124
174,104,201,126
177,102,204,124
178,101,205,123
173,104,200,126
178,103,205,125
175,103,202,125
177,102,204,124
178,102,205,124
178,102,205,124
179,102,206,124
179,102,206,124
179,102,206,124
180,100,207,122
182,99,209,121
182,99,209,121
183,98,210,120
184,98,211,120
184,98,211,120
184,97,211,119
184,97,211,119
184,96,211,118
184,97,211,119
185,96,212,118
185,95,212,117
185,93,212,115
185,93,212,115
186,92,213,114
186,92,213,114
185,91,212,113
186,91,213,113
184,90,211,112
185,90,212,112
185,89,212,111
185,90,212,112
185,89,212,111
183,87,210,109
181,85,208,107
178,84,205,106
176,84,203,106
177,84,204,106
176,84,203,106
176,84,203,106
176,83,203,105
173,83,200,105
172,81,199,103
171,81,198,103
171,82,198,104
166,78,193,100
163,78,190,100
164,78,191,100
165,78,192,100
164,79,191,101
163,77,190,99
165,78,192,100
161,79,188,101
161,76,188,98
161,77,188,99
159,76,186,98
158,76,185,98
156,77,183,99
156,77,183,99
154,76,181,98
153,77,180,99
152,77,179,99
152,76,179,98
152,76,179,98
151,76,178,98
145,75,172,97
145,75,172,97
144,75,171,97
141,73,168,95
139,72,166,94
138,73,165,95
138,73,165,95
135,72,162,94
133,72,160,94
133,73,160,95
126,73,153,95
129,71,156,93
127,72,154,94
127,71,154,93
127,71,154,93
118,70,145,92
119,71,146,93
123,70,150,92
117,70,144,92
116,69,143,91
115,69,142,91
115,70,142,92
112,69,139,91
111,69,138,91
110,68,137,90
110,68,137,90
108,67,135,89
106,65,133,87
105,64,132,86
105,65,132,87
102,64,129,86
102,64,129,86
100,65,127,87
100,64,127,86
98,63,125,85
98,64,125,86
96,63,123,85
95,63,122,85
93,62,120,84
91,62,118,84
90,61,117,83
90,61,117,83
89,62,116,84
89,61,116,83
89,61,116,83
90,60,117,82
88,60,115,82
85,58,112,80
84,58,111,80
86,58,113,80
82,56,109,78
82,56,109,78
80,55,107,77
80,55,107,77
80,55,107,77
80,55,107,77
80,55,107,77
75,55,102,77
76,54,103,76
73,52,100,74
75,52,102,74
75,53,102,75
72,52,99,74
72,51,99,73
69,51,96,73
70,50,97,72
69,51,96,73
70,53,97,75
68,50,95,72
68,49,95,71
68,49,95,71
67,48,94,70
67,48,94,70
67,48,94,70
67,47,94,69
67,47,94,69
66,46,93,68
66,46,93,68
66,46,93,68
62,45,89,67
62,45,89,67
60,44,87,66
62,45,89,67
58,43,85,65
57,44,84,66
57,42,84,64
57,43,84,65
56,43,83,65
56,42,83,64
56,42,83,64
55,41,82,63
55,40,82,62
54,41,81,63
54,41,81,63
54,39,81,61
54,37,81,59
53,38,80,60
53,39,80,61
51,39,78,61
50,38,77,60
49,38,76,60
48,39,75,61
50,39,77,61
44,38,71,60
43,37,70,59
42,37,69,59
42,38,69,60
42,38,69,60
41,40,68,62
41,38,68,60
40,39,67,61
41,38,68,60
41,38,68,60
41,38,68,60
38,38,65,60
38,39,65,61
39,39,66,61
37,35,64,57
36,36,63,58
36,36,63,58
34,36,61,58
34,35,61,57
36,36,63,58
36,37,63,59
29,37,56,59
28,38,55,60
27,39,54,61
26,37,53,59
27,38,54,60
26,39,53,61
26,39,53,61
25,38,52,60
25,39,52,61
25,38,52,60
25,39,52,61
23,39,50,61
22,39,49,61
22,39,49,61
22,40,49,62
22,40,49,62
22,39,49,61
22,40,49,62
22,39,49,61
22,40,49,62
22,40,49,62
22,40,49,62
22,41,49,63
23,41,50,63
22,43,49,65
23,43,50,65
23,45,50,67
23,46,50,68
23,46,50,68
23,48,50,70
23,48,50,70
23,49,50,71
22,50,49,72
22,50,49,72
22,50,49,72
21,50,48,72
21,51,48,73
22,51,49,73
21,51,48,73
21,52,48,74
21,52,48,74
21,53,48,75
22,54,49,76
22,53,49,75
21,54,48,76
21,55,48,77
20,55,47,77
20,55,47,77
20,57,47,79
19,57,46,79
20,57,47,79
20,57,47,79
20,58,47,80
20,59,47,81
20,59,47,81
20,59,47,81
20,60,47,82
20,60,47,82
20,60,47,82
20,60,47,82
20,60,47,82
21,60,48,82
21,62,48,84
21,62,48,84
21,62,48,84
21,63,48,85
22,64,49,86
22,64,49,86
22,64,49,86
22,65,49,87
23,66,50,88
23,67,50,89
23,67,50,89
24,68,51,90
23,69,50,91
23,70,50,92
24,71,51,93
24,71,51,93
24,71,51,93
24,72,51,94
25,72,52,94
26,73,53,95
26,73,53,95
25,74,52,96
26,75,53,97
26,75,53,97
27,77,54,99
26,77,53,99
27,78,54,100
27,78,54,100
28,77,55,99
27,79,54,101
27,79,54,101
27,80,54,102
27,80,54,102
27,81,54,103
27,83,54,105
27,83,54,105
28,84,55,106
28,85,55,107
28,85,55,107
29,86,56,108
29,86,56,108
29,87,56,109
30,88,57,110
31,89,58,111
31,89,58,111
31,90,58,112
32,92,59,114
31,92,58,114
32,93,59,115
32,92,59,114
33,93,60,115
33,94,60,116
32,96,59,118
31,95,58,117
32,96,59,118
31,96,58,118
32,99,59,121
32,100,59,122
32,100,59,122
32,101,59,123
31,100,58,122
31,101,58,123
32,102,59,124
33,103,60,125
33,102,60,124
33,104,60,126
35,107,62,129
36,108,63,130
38,109,65,131
35,106,62,128
36,108,63,130
36,110,63,132
38,110,65,132
38,111,65,133
37,111,64,133
39,112,66,134
40,113,67,135
40,112,67,134
41,115,68,137
42,117,69,139
42,117,69,139
43,119,70,141
43,118,70,140
44,119,71,141
43,118,70,140
44,119,71,141
45,120,72,142
45,121,72,143
45,120,72,142
47,121,74,143
46,123,73,145
47,124,74,146
49,126,76,148
48,125,75,147
52,129,79,151
51,128,78,150
51,129,78,151
54,132,81,154
54,132,81,154
54,133,81,155
55,134,82,156
55,134,82,156
57,138,84,160
57,139,84,161
58,139,85,161
57,139,84,161
58,139,85,161
58,140,85,162
59,140,86,162
59,140,86,162
60,141,87,163
60,143,87,165
62,145,89,167
62,144,89,166
62,144,89,166
65,149,92,171
64,145,91,167
65,150,92,172
66,152,93,174
68,154,95,176
68,154,95,176
69,155,96,177
70,156,97,178
70,156,97,178
70,155,97,177
70,155,97,177
71,156,98,178
72,157,99,179
73,157,100,179
75,160,102,182
76,161,103,183
74,163,101,185
78,163,105,185
79,164,106,186
82,166,109,188
78,162,105,184
86,167,113,189
85,168,112,190
87,168,114,190
87,169,114,191
89,169,116,191
90,173,117,195
93,174,120,196
95,176,122,198
95,176,122,198
98,179,125,201
100,181,127,203
104,182,131,204
103,184,130,206
105,185,132,207
107,186,134,208
109,187,136,209
111,188,138,210
113,189,140,211
113,188,140,210
117,191,144,213
116,191,143,213
119,193,146,215
121,193,148,215
121,193,148,215
123,194,150,216
125,194,152,216
128,196,155,218
129,197,156,219
132,200,159,222
132,200,159,222
135,202,162,224
138,204,165,226
142,208,169,230
142,208,169,230
143,208,170,230
146,208,173,230
150,208,177,230
154,208,181,230
153,208,180,230
157,208,184,230
133,207,160,229
134,207,161,229
134,207,161,229
135,207,162,229
137,208,164,230
137,208,164,230
142,208,169,230
146,208,173,230
146,208,173,230
152,208,179,230
153,208,180,230
153,208,180,230
153,206,180,228
153,207,180,229
154,207,181,229
157,208,184,230
159,208,186,230
159,208,186,230
135,206,162,228
135,206,162,228
130,206,157,228
108,208,135,230
129,208,156,230
107,207,134,229
130,205,157,227
133,205,160,227
133,206,160,228
130,207,157,229
134,189,161,211
145,176,172,198
145,176,172,198
146,178,173,200
146,177,173,199
145,176,172,198
147,178,174,200
147,177,174,199
148,176,175,198
148,180,175,202
148,176,175,198
147,179,174,201
148,180,175,202
148,180,175,202
148,180,175,202
149,179,176,201
150,182,177,204
150,182,177,204
149,180,176,202
150,182,177,204
149,183,176,205
149,180,176,202
150,182,177,204
150,182,177,204
148,183,175,205
148,181,175,203
150,182,177,204
150,182,177,204
150,182,177,204
150,182,177,204
149,183,176,205
150,182,177,204
150,182,177,204
150,182,177,204
150,182,177,204
150,182,177,204
150,182,177,204
150,182,177,204
150,182,177,204
149,179,176,201
150,182,177,204
150,182,177,204
150,182,177,204
150,182,177,204
150,182,177,204
150,182,177,204
150,182,177,204
150,182,177,204
150,181,177,203
150,182,177,204
150,182,177,204
150,182,177,204
150,182,177,204
150,183,177,205
150,182,177,204
152,181,179,203
150,182,177,204
150,182,177,204
150,182,177,204
150,182,177,204
150,182,177,204
150,182,177,204
150,182,177,204
150,182,177,204
150,182,177,204
150,183,177,205
150,182,177,204
150,182,177,204
150,182,177,204
150,182,177,204
150,182,177,204
150,182,177,204
150,182,177,204
150,182,177,204
150,181,177,203
150,182,177,204
150,182,177,204
150,182,177,204
150,181,177,203
152,181,179,203
150,182,177,204
150,181,177,203
150,182,177,204
150,181,177,203
152,180,179,202
150,182,177,204
150,182,177,204
152,181,179,203
152,181,179,203
150,181,177,203
150,181,177,203
152,182,179,204
152,181,179,203
152,181,179,203
152,181,179,203
152,181,179,203
152,181,179,203
152,181,179,203
152,181,179,203
154,184,181,206
152,181,179,203
152,181,179,203
152,181,179,203
152,181,179,203
152,181,179,203
152,181,179,203
152,181,179,203
152,181,179,203
152,181,179,203
153,181,180,203
153,182,180,204
153,181,180,203
153,182,180,204
153,181,180,203
152,181,179,203
152,181,179,203
153,182,180,204
152,181,179,203
152,181,179,203
153,182,180,204
153,181,180,203
153,181,180,203
152,181,179,203
152,178,179,200
154,182,181,204
153,181,180,203
153,181,180,203
153,181,180,203
153,181,180,203
153,181,180,203
153,181,180,203
152,180,179,202
153,181,180,203
153,181,180,203
153,181,180,203
153,181,180,203
152,181,179,203
153,181,180,203
153,181,180,203
153,181,180,203
153,181,180,203
152,181,179,203
153,181,180,203
153,181,180,203
150,176,177,198
152,181,179,203
152,181,179,203
152,181,179,203
152,182,179,204
152,181,179,203
152,181,179,203
154,182,181,204
152,181,179,203
152,181,179,203
152,180,179,202
152,180,179,202
152,181,179,203
154,182,181,204
152,181,179,203
152,181,179,203
152,181,179,203
152,181,179,203
152,181,179,203
152,181,179,203
150,181,177,203
150,181,177,203
150,181,177,203
150,181,177,203
150,181,177,203
150,181,177,203
150,181,177,203
150,181,177,203
150,181,177,203
151,183,178,205
150,181,177,203
150,184,177,206
150,181,177,203
150,181,177,203
150,181,177,203
150,181,177,203
150,181,177,203
152,183,179,205
150,181,177,203
150,181,177,203
150,181,177,203
150,182,177,204
150,181,177,203
150,181,177,203
150,182,177,204
150,181,177,203
150,181,177,203
150,181,177,203
150,181,177,203
150,181,177,203
150,181,177,203
150,181,177,203
150,181,177,203
150,181,177,203
150,181,177,203
150,181,177,203
150,181,177,203
150,181,177,203
150,181,177,203
150,181,177,203
150,181,177,203
150,181,177,203
150,181,177,203
150,181,177,203
149,182,176,204
150,181,177,203
150,181,177,203
150,181,177,203
150,181,177,203
149,180,176,202
150,181,177,203
150,181,177,203
150,181,177,203
150,181,177,203
150,181,177,203
150,181,177,203
148,179,175,201
149,180,176,202
150,181,177,203
150,181,177,203
150,181,177,203
150,181,177,203
150,181,177,203
150,181,177,203
150,182,177,204
150,181,177,203
150,181,177,203
150,181,177,203
150,181,177,203
150,181,177,203
150,181,177,203
150,181,177,203
150,181,177,203
151,184,178,206
149,182,176,204
149,182,176,204
149,181,176,203
149,181,176,203
149,181,176,203
150,182,177,204
150,181,177,203
148,181,175,203
150,182,177,204
149,184,176,206
149,182,176,204
149,181,176,203
150,183,177,205
149,181,176,203
150,181,177,203
149,181,176,203
150,181,177,203
150,181,177,203
150,181,177,203
149,181,176,203
148,181,175,203
149,181,176,203
149,181,176,203
149,178,176,200
148,177,175,199
147,176,174,198
147,176,174,198
147,176,174,198
145,173,172,195
142,170,169,192
142,170,169,192
141,169,168,191
141,169,168,191
139,169,166,191
138,168,165,190
137,168,164,190
128,184,155,206
128,185,155,207
126,184,153,206
126,184,153,206
127,183,154,205
127,183,154,205
127,184,154,206
127,184,154,206
126,184,153,206
127,183,154,205
127,184,154,206
127,183,154,205
127,184,154,206
127,184,154,206
126,183,153,205
126,183,153,205
127,183,154,205
127,184,154,206
127,181,154,203
127,183,154,205
126,183,153,205
126,183,153,205
127,184,154,206
127,183,154,205
127,183,154,205
127,183,154,205
127,184,154,206
127,184,154,206
127,184,154,206
128,182,155,204
128,182,155,204
128,182,155,204
127,184,154,206
128,182,155,204
127,181,154,203
128,181,155,203
127,193,154,215
129,181,156,203
129,182,156,204
130,183,157,205
130,184,157,206
130,184,157,206
130,184,157,206
130,183,157,205
130,184,157,206
130,183,157,205
130,184,157,206
130,184,157,206
131,184,158,206
131,185,158,207
132,185,159,207
132,185,159,207
132,185,159,207
132,187,159,209
133,184,160,206
133,184,160,206
133,184,160,206
133,184,160,206
134,184,161,206
133,184,160,206
133,184,160,206
134,185,161,207
134,184,161,206
134,184,161,206
134,184,161,206
134,184,161,206
134,184,161,206
134,184,161,206
135,183,162,205
136,181,163,203
136,181,163,203
136,182,163,204
136,181,163,203
136,181,163,203
137,181,164,203
137,181,164,203
137,181,164,203
137,181,164,203
137,180,164,202
137,181,164,203
138,180,165,202
137,181,164,203
137,181,164,203
137,180,164,202
137,181,164,203
137,181,164,203
138,181,165,203
139,182,166,204
137,180,164,202
137,180,164,202
137,181,164,203
137,180,164,202
137,181,164,203
137,181,164,203
137,181,164,203
137,180,164,202
137,180,164,202
137,180,164,202
137,180,164,202
137,180,164,202
137,180,164,202
137,180,164,202
137,180,164,202
137,181,164,203
137,180,164,202
137,180,164,202
137,180,164,202
137,180,164,202
137,180,164,202
137,180,164,202
137,180,164,202
137,180,164,202
137,180,164,202
137,180,164,202
136,180,163,202
137,180,164,202
137,180,164,202
137,180,164,202
136,180,163,202
136,180,163,202
136,180,163,202
137,180,164,202
137,180,164,202
137,180,164,202
137,180,164,202
136,180,163,202
137,180,164,202
136,180,163,202
136,180,163,202
136,180,163,202
136,180,163,202
136,180,163,202
137,181,164,203
138,182,165,204
138,182,165,204
139,183,166,205
139,183,166,205
138,182,165,204
138,182,165,204
137,181,164,203
137,181,164,203
139,182,166,204
138,182,165,204
137,181,164,203
139,181,166,203
137,181,164,203
137,182,164,204
137,181,164,203
137,182,164,204
138,182,165,204
138,182,165,204
137,181,164,203
138,182,165,204
138,182,165,204
139,182,166,204
137,181,164,203
138,182,165,204
139,183,166,205
139,184,166,206
139,184,166,206
139,182,166,204
139,184,166,206
139,182,166,204
139,184,166,206
139,184,166,206
138,184,165,206
138,184,165,206
139,184,166,206
139,184,166,206
137,185,164,207
139,184,166,206
139,184,166,206
139,184,166,206
139,184,166,206
138,184,165,206
139,184,166,206
137,185,164,207
138,185,165,207
138,185,165,207
138,185,165,207
138,185,165,207
138,185,165,207
138,185,165,207
138,184,165,206
138,185,165,207
138,185,165,207
138,185,165,207
138,186,165,208
138,185,165,207
137,185,164,207
138,185,165,207
138,187,165,209
138,185,165,207
138,185,165,207
138,185,165,207
138,187,165,209
138,185,165,207
141,185,168,207
138,185,165,207
138,185,165,207
138,185,165,207
138,185,165,207
137,185,164,207
137,185,164,207
138,185,165,207
137,186,164,208
138,185,165,207
138,185,165,207
137,185,164,207
137,186,164,208
138,185,165,207
138,185,165,207
140,185,167,207
141,185,168,207
141,185,168,207
141,185,168,207
141,185,168,207
141,185,168,207
141,185,168,207
141,185,168,207
141,185,168,207
141,185,168,207
142,187,169,209
142,187,169,209
141,187,168,209
142,187,169,209
142,187,169,209
140,187,167,209
142,187,169,209
142,186,169,208
142,187,169,209
142,187,169,209
142,187,169,209
142,187,169,209
142,187,169,209
142,187,169,209
143,186,170,208
144,185,171,207
144,186,171,208
143,187,170,209
142,187,169,209
144,187,171,209
145,187,172,209
145,187,172,209
145,187,172,209
145,187,172,209
144,186,171,208
145,187,172,209
145,187,172,209
145,187,172,209
145,187,172,209
145,187,172,209
144,188,171,210
145,188,172,210
145,188,172,210
144,188,171,210
145,188,172,210
145,188,172,210
145,188,172,210
145,188,172,210
145,188,172,210
145,188,172,210
145,186,172,208
143,188,170,210
143,188,170,210
143,188,170,210
142,188,169,210
142,188,169,210
142,188,169,210
142,188,169,210
142,188,169,210
142,188,169,210
142,188,169,210
142,188,169,210
143,188,170,210
142,188,169,210
142,188,169,210
142,188,169,210
142,188,169,210
142,188,169,210
142,188,169,210
142,188,169,210
142,188,169,210
142,188,169,210
142,188,169,210
142,188,169,210
142,188,169,210
143,189,170,211
142,188,169,210
142,188,169,210
142,188,169,210
142,188,169,210
143,189,170,211
142,188,169,210
142,188,169,210
142,188,169,210
142,188,169,210
142,188,169,210
142,188,169,210
142,188,169,210
142,188,169,210
142,188,169,210
142,188,169,210
142,188,169,210
142,188,169,210
142,188,169,210
140,187,167,209
140,187,167,209
140,188,167,210
140,188,167,210
139,193,166,215
138,194,165,216
137,193,164,215
139,192,166,214
138,194,165,216
139,192,166,214
138,192,165,214
136,193,163,215
138,192,165,214
139,192,166,214
138,192,165,214
139,192,166,214
139,192,166,214
139,192,166,214
139,192,166,214
138,192,165,214
138,192,165,214
139,192,166,214
139,192,166,214
138,192,165,214
139,191,166,213
139,189,166,211
140,188,167,210
140,189,167,211
139,191,166,213
140,189,167,211
140,189,167,211
140,188,167,210
142,188,169,210
141,188,168,210
140,189,167,211
140,188,167,210
140,188,167,210
142,188,169,210
142,188,169,210
142,188,169,210
142,188,169,210
142,188,169,210
142,188,169,210
142,188,169,210
142,188,169,210
142,188,169,210
142,188,169,210
141,187,168,209
142,188,169,210
142,188,169,210
141,187,168,209
142,188,169,210
142,188,169,210
142,188,169,210
142,188,169,210
142,188,169,210
142,188,169,210
142,188,169,210
144,188,171,210
142,188,169,210
142,188,169,210
142,188,169,210
142,188,169,210
142,188,169,210
142,188,169,210
142,188,169,210
142,188,169,210
142,188,169,210
142,188,169,210
142,188,169,210
142,188,169,210
142,188,169,210
142,188,169,210
142,188,169,210
142,188,169,210
142,188,169,210
142,188,169,210
142,188,169,210
142,187,169,209
142,187,169,209
143,188,170,210
142,186,169,208
143,186,170,208
143,185,170,207
142,187,169,209
144,186,171,208
142,187,169,209
142,188,169,210
145,188,172,210
142,187,169,209
143,185,170,207
144,187,171,209
145,186,172,208
144,186,171,208
142,187,169,209
142,187,169,209
142,187,169,209
142,187,169,209
141,187,168,209
142,187,169,209
142,187,169,209
144,186,171,208
142,187,169,209
142,187,169,209
142,187,169,209
142,187,169,209
142,187,169,209
142,187,169,209
142,188,169,210
142,187,169,209
142,187,169,209
142,187,169,209
142,187,169,209
142,187,169,209
142,187,169,209
142,187,169,209
142,187,169,209
142,187,169,209
142,187,169,209
142,187,169,209
142,187,169,209
141,187,168,209
142,187,169,209
141,187,168,209
141,187,168,209
140,187,167,209
141,187,168,209
141,187,168,209
140,188,167,210
141,187,168,209
141,187,168,209
141,187,168,209
141,187,168,209
141,187,168,209
141,187,168,209
141,187,168,209
141,187,168,209
141,187,168,209
141,187,168,209
141,187,168,209
141,187,168,209
141,187,168,209
141,187,168,209
141,187,168,209
140,188,167,210
141,187,168,209
141,187,168,209
141,189,168,211
141,187,168,209
140,188,167,210
140,187,167,209
141,187,168,209
140,189,167,211
139,188,166,210
139,188,166,210
140,187,167,209
141,189,168,211
140,187,167,209
139,188,166,210
139,188,166,210
141,187,168,209
139,188,166,210
140,187,167,209
140,187,167,209
139,188,166,210
140,187,167,209
140,187,167,209
140,187,167,209
140,187,167,209
140,187,167,209
140,187,167,209
140,187,167,209
139,187,166,209
140,187,167,209
139,187,166,209
140,187,167,209
140,187,167,209
140,187,167,209
140,187,167,209
140,187,167,209
140,188,167,210
141,187,168,209
141,187,168,209
140,187,167,209
141,187,168,209
141,187,168,209
140,188,167,210
141,187,168,209
141,187,168,209
141,187,168,209
140,187,167,209
141,187,168,209
141,187,168,209
141,187,168,209
141,187,168,209
141,187,168,209
141,187,168,209
140,187,167,209
141,187,168,209
141,187,168,209
141,187,168,209
141,187,168,209
141,187,168,209
141,188,168,210
141,187,168,209
141,187,168,209
141,187,168,209
140,188,167,210
141,187,168,209
141,187,168,209
141,187,168,209
141,187,168,209
141,187,168,209
141,187,168,209
141,187,168,209
141,187,168,209
140,187,167,209
140,188,167,210
140,188,167,210
140,188,167,210
140,188,167,210
140,188,167,210
140,188,167,210
140,188,167,210
139,188,166,210
140,188,167,210
140,188,167,210
139,188,166,210
139,189,166,211
140,187,167,209
139,187,166,209
139,187,166,209
139,189,166,211
139,187,166,209
139,188,166,210
139,187,166,209
139,187,166,209
139,189,166,211
139,187,166,209
139,189,166,211
139,189,166,211
138,187,165,209
139,189,166,211
139,189,166,211
139,187,166,209
138,187,165,209
138,188,165,210
137,188,164,210
139,187,166,209
139,189,166,211
139,189,166,211
139,189,166,211
139,189,166,211
139,189,166,211
139,190,166,212
140,187,167,209
140,187,167,209
139,187,166,209
139,189,166,211
139,189,166,211
139,189,166,211
139,189,166,211
139,189,166,211
139,189,166,211
139,187,166,209
139,189,166,211
138,187,165,209
139,189,166,211
140,187,167,209
139,189,166,211
139,189,166,211
138,187,165,209
139,189,166,211
138,189,165,211
139,189,166,211
139,187,166,209
140,187,167,209
139,187,166,209
139,189,166,211
139,187,166,209
139,189,166,211
139,189,166,211
140,187,167,209
139,189,166,211
139,187,166,209
139,189,166,211
139,189,166,211
139,189,166,211
139,189,166,211
139,189,166,211
139,189,166,211
139,189,166,211
139,189,166,211
139,187,166,209
139,189,166,211
139,189,166,211
139,187,166,209
140,187,167,209
139,189,166,211
139,189,166,211
138,187,165,209
138,186,165,208
137,187,164,209
137,187,164,209
138,186,165,208
138,186,165,208
137,187,164,209
137,187,164,209
138,187,165,209
137,187,164,209
137,187,164,209
137,187,164,209
137,187,164,209
137,186,164,208
138,187,165,209
137,187,164,209
137,187,164,209
137,186,164,208
137,187,164,209
137,186,164,208
137,186,164,208
137,186,164,208
137,186,164,208
137,186,164,208
138,187,165,209
137,187,164,209
137,187,164,209
137,187,164,209
137,187,164,209
137,187,164,209
137,186,164,208
137,186,164,208
137,186,164,208
137,186,164,208
137,186,164,208
137,187,164,209
137,187,164,209
137,186,164,208
137,186,164,208
137,187,164,209
137,186,164,208
138,187,165,209
137,186,164,208
137,186,164,208
138,187,165,209
137,187,164,209
137,186,164,208
137,187,164,209
137,187,164,209
137,187,164,209
137,187,164,209
137,187,164,209
137,187,164,209
137,187,164,209
137,187,164,209
137,187,164,209
137,187,164,209
137,187,164,209
137,188,164,210
138,187,165,209
138,186,165,208
138,186,165,208
138,186,165,208
138,186,165,208
138,186,165,208
137,187,164,209
137,187,164,209
138,186,165,208
137,187,164,209
137,187,164,209
138,186,165,208
138,186,165,208
137,186,164,208
137,187,164,209
137,186,164,208
138,186,165,208
138,186,165,208
138,186,165,208
138,186,165,208
138,186,165,208
138,186,165,208
138,186,165,208
138,186,165,208
138,186,165,208
138,186,165,208
136,188,163,210
138,186,165,208
138,186,165,208
137,187,164,209
138,186,165,208
138,186,165,208
138,186,165,208
138,186,165,208
138,186,165,208
137,187,164,209
137,187,164,209
138,186,165,208
138,186,165,208
137,187,164,209
138,186,165,208
138,186,165,208
138,187,165,209
137,187,164,209
137,186,164,208
138,186,165,208
137,187,164,209
138,186,165,208
138,186,165,208
137,187,164,209
137,186,164,208
137,187,164,209
137,186,164,208
137,186,164,208
137,186,164,208
137,186,164,208
137,186,164,208
137,186,164,208
138,187,165,209
137,186,164,208
137,186,164,208
137,186,164,208
137,186,164,208
137,187,164,209
137,186,164,208
137,186,164,208
137,186,164,208
138,186,165,208
137,186,164,208
137,186,164,208
137,186,164,208
137,186,164,208
137,186,164,208
137,187,164,209
137,187,164,209
137,187,164,209
137,187,164,209
137,187,164,209
137,187,164,209
137,187,164,209
137,187,164,209
138,186,165,208
137,187,164,209
137,187,164,209
137,187,164,209
137,187,164,209
137,187,164,209
138,186,165,208
138,186,165,208
137,187,164,209
137,187,164,209
137,187,164,209
137,187,164,209
137,187,164,209
137,187,164,209
137,186,164,208
137,187,164,209
137,187,164,209
137,187,164,209
137,187,164,209
137,187,164,209
137,187,164,209
137,187,164,209
137,187,164,209
138,186,165,208
137,187,164,209
137,187,164,209
137,187,164,209
137,187,164,209
137,187,164,209
138,186,165,208
137,187,164,209
137,187,164,209
138,186,165,208
137,187,164,209
137,187,164,209
137,187,164,209
137,187,164,209
137,187,164,209
138,186,165,208
138,186,165,208
138,186,165,208
138,186,165,208
138,186,165,208
138,186,165,208
138,186,165,208
138,186,165,208
139,187,166,209
138,186,165,208
138,186,165,208
137,185,164,207
138,185,165,207
137,186,164,208
138,185,165,207
138,185,165,207
138,185,165,207
138,185,165,207
137,186,164,208
138,186,165,208
138,185,165,207
138,185,165,207
138,185,165,207
138,185,165,207
137,185,164,207
138,185,165,207
138,185,165,207
138,185,165,207
138,185,165,207
138,185,165,207
138,185,165,207
138,185,165,207
138,185,165,207
138,185,165,207
138,185,165,207
138,186,165,208
138,185,165,207
138,185,165,207
138,185,165,207
137,185,164,207
137,186,164,208
138,185,165,207
140,185,167,207
138,186,165,208
137,186,164,208
138,185,165,207
137,185,164,207
138,185,165,207
138,185,165,207
137,186,164,208
139,186,166,208
137,186,164,208
138,186,165,208
137,186,164,208
138,186,165,208
137,186,164,208
137,186,164,208
137,187,164,209
137,186,164,208
137,186,164,208
137,187,164,209
137,187,164,209
138,187,165,209
138,186,165,208
137,186,164,208
137,187,164,209
137,186,164,208
137,186,164,208
137,186,164,208
137,186,164,208
137,186,164,208
137,187,164,209
137,187,164,209
137,187,164,209
137,187,164,209
137,186,164,208
137,186,164,208
137,186,164,208
137,186,164,208
138,185,165,207
137,186,164,208
137,186,164,208
137,186,164,208
137,186,164,208
137,186,164,208
138,186,165,208
138,187,165,209
137,186,164,208
138,186,165,208
138,186,165,208
138,186,165,208
138,186,165,208
138,186,165,208
138,186,165,208
139,186,166,208
138,185,165,207
139,187,166,209
139,185,166,207
139,185,166,207
138,186,165,208
139,183,166,205
140,185,167,207
139,183,166,205
140,185,167,207
140,185,167,207
140,185,167,207
140,185,167,207
140,185,167,207
138,187,165,209
139,185,166,207
139,185,166,207
139,185,166,207
139,185,166,207
139,185,166,207
139,185,166,207
138,187,165,209
138,187,165,209
139,185,166,207
140,185,167,207
137,185,164,207
139,185,166,207
140,185,167,207
140,185,167,207
140,185,167,207
140,185,167,207
140,185,167,207
139,187,166,209
140,185,167,207
140,185,167,207
140,185,167,207
140,187,167,209
140,187,167,209
140,188,167,210
140,188,167,210
141,188,168,210
141,188,168,210
140,187,167,209
141,188,168,210
141,188,168,210
142,188,169,210
142,188,169,210
142,188,169,210
142,188,169,210
142,188,169,210
142,188,169,210
142,188,169,210
142,188,169,210
142,188,169,210
142,188,169,210
142,188,169,210
142,188,169,210
142,188,169,210
142,188,169,210
142,188,169,210
142,188,169,210
142,188,169,210
142,188,169,210
142,188,169,210
142,188,169,210
142,188,169,210
142,188,169,210
142,188,169,210
142,188,169,210
142,188,169,210
142,188,169,210
141,187,168,209
142,188,169,210
142,188,169,210
142,188,169,210
142,188,169,210
142,188,169,210
130,208,157,230
130,206,157,228
130,208,157,230
130,208,157,230
130,207,157,229
129,206,156,228
129,204,156,226
130,206,157,228
130,207,157,229
130,207,157,229
130,207,157,229
130,207,157,229
130,207,157,229
130,207,157,229
130,207,157,229
130,206,157,228
132,204,159,226
131,206,158,228
130,207,157,229
130,207,157,229
131,206,158,228
130,207,157,229
131,206,158,228
131,206,158,228
131,206,158,228
129,206,156,228
130,207,157,229
130,207,157,229
130,207,157,229
130,207,157,229
130,207,157,229
130,207,157,229
131,206,158,228
131,206,158,228
131,206,158,228
131,206,158,228
131,206,158,228
131,206,158,228
131,206,158,228
131,206,158,228
131,206,158,228
130,207,157,229
131,206,158,228
131,206,158,228
131,206,158,228
131,206,158,228
131,206,158,228
130,208,157,230
130,208,157,230
130,207,157,229
130,207,157,229
130,207,157,229
130,207,157,229
130,208,157,230
130,207,157,229
130,207,157,229
130,207,157,229
129,207,156,229
130,207,157,229
130,207,157,229
129,208,156,230
129,208,156,230
130,207,157,229
130,207,157,229
130,207,157,229
130,207,157,229
130,207,157,229
129,207,156,229
130,207,157,229
129,207,156,229
130,207,157,229
131,206,158,228
130,207,157,229
131,206,158,228
130,208,157,230
130,207,157,229
130,207,157,229
131,206,158,228
130,207,157,229
129,207,156,229
129,207,156,229
129,208,156,230
130,207,157,229
131,207,158,229
130,208,157,230
131,206,158,228
130,207,157,229
129,208,156,230
129,208,156,230
130,206,157,228
129,208,156,230
129,208,156,230
130,207,157,229
129,208,156,230
130,207,157,229
130,207,157,229
130,206,157,228
130,206,157,228
130,206,157,228
130,206,157,228
130,206,157,228
130,206,157,228
130,206,157,228
130,206,157,228
130,206,157,228
130,206,157,228
130,207,157,229
130,207,157,229
130,206,157,228
130,206,157,228
130,206,157,228
130,206,157,228
130,207,157,229
130,207,157,229
130,206,157,228
130,206,157,228
130,207,157,229
130,207,157,229
130,207,157,229
130,206,157,228
130,207,157,229
130,207,157,229
130,206,157,228
130,207,157,229
130,207,157,229
130,207,157,229
130,207,157,229
130,207,157,229
130,206,157,228
130,207,157,229
130,206,157,228
129,206,156,228
130,207,157,229
128,207,155,229
129,207,156,229
129,207,156,229
129,207,156,229
130,207,157,229
130,207,157,229
129,206,156,228
130,207,157,229
129,207,156,229
129,207,156,229
129,206,156,228
129,206,156,228
129,207,156,229
129,207,156,229
128,207,155,229
128,207,155,229
129,205,156,227
128,207,155,229
128,207,155,229
127,207,154,229
127,207,154,229
128,207,155,229
127,207,154,229
127,207,154,229
127,207,154,229
127,207,154,229
127,207,154,229
127,207,154,229
127,207,154,229
127,207,154,229
127,207,154,229
126,207,153,229
127,207,154,229
126,207,153,229
126,206,153,228
126,206,153,228
127,207,154,229
126,207,153,229
126,207,153,229
126,207,153,229
126,207,153,229
126,207,153,229
126,207,153,229
126,206,153,228
126,207,153,229
126,207,153,229
126,207,153,229
126,207,153,229
126,207,153,229
127,207,154,229
126,207,153,229
126,207,153,229
126,207,153,229
126,207,153,229
126,207,153,229
126,207,153,229
126,207,153,229
126,207,153,229
126,207,153,229
127,207,154,229
127,205,154,227
126,207,153,229
127,205,154,227
127,205,154,227
126,207,153,229
126,207,153,229
127,205,154,227
127,205,154,227
127,205,154,227
127,205,154,227
126,205,153,227
127,205,154,227
127,205,154,227
127,205,154,227
127,205,154,227
127,205,154,227
127,205,154,227
127,205,154,227
125,207,152,229
127,204,154,226
126,205,153,227
127,205,154,227
127,204,154,226
127,205,154,227
126,207,153,229
125,208,152,230
126,207,153,229
126,207,153,229
126,207,153,229
126,207,153,229
126,207,153,229
126,207,153,229
126,207,153,229
126,207,153,229
127,207,154,229
126,207,153,229
126,207,153,229
126,207,153,229
126,207,153,229
126,207,153,229
127,207,154,229
126,207,153,229
127,207,154,229
127,207,154,229
126,207,153,229
127,207,154,229
126,207,153,229
126,207,153,229
126,207,153,229
126,207,153,229
126,205,153,227
126,205,153,227
125,207,152,229
126,207,153,229
126,207,153,229
126,207,153,229
126,207,153,229
126,207,153,229
127,207,154,229
125,207,152,229
126,207,153,229
125,207,152,229
126,207,153,229
126,207,153,229
126,207,153,229
126,207,153,229
127,207,154,229
126,207,153,229
126,207,153,229
126,207,153,229
126,207,153,229
126,207,153,229
126,207,153,229
126,207,153,229
126,207,153,229
126,207,153,229
126,207,153,229
126,207,153,229
126,207,153,229
126,207,153,229
126,207,153,229
126,207,153,229
126,207,153,229
126,207,153,229
126,207,153,229
126,207,153,229
126,207,153,229
126,207,153,229
125,207,152,229
124,207,151,229
123,207,150,229
122,206,149,228
120,207,147,229
118,207,145,229
117,207,144,229
115,207,142,229
112,208,139,230
112,208,139,230
110,207,137,229
108,207,135,229
106,207,133,229
106,207,133,229
104,207,131,229
103,208,130,230
103,208,130,230
103,208,130,230
105,204,132,226
105,205,132,227
103,206,130,228
103,205,130,227
102,207,129,229
100,208,127,230
106,208,133,230
108,205,135,227
107,208,134,230
105,207,132,229
104,208,131,230
101,208,128,230
97,208,124,230
94,208,121,230
94,208,121,230
118,204,145,226
115,206,142,228
108,208,135,230
102,205,129,227
102,205,129,227
94,208,121,230
87,208,114,230
82,208,109,230
91,191,118,213
82,202,109,224
70,208,97,230
75,208,102,230
67,203,94,225
61,208,88,230
58,208,85,230
59,208,86,230
56,205,83,227
49,203,76,225
60,183,87,205
59,179,86,201
77,164,104,186
77,163,104,185
77,162,104,184
77,162,104,184
78,162,105,184
77,159,104,181
77,158,104,180
77,157,104,179
77,156,104,178
77,154,104,176
77,154,104,176
77,153,104,175
76,152,103,174
77,151,104,173
77,151,104,173
77,151,104,173
77,148,104,170
77,147,104,169
77,146,104,168
78,147,105,169
78,145,105,167
77,144,104,166
77,142,104,164
77,141,104,163
77,141,104,163
77,139,104,161
78,138,105,160
78,137,105,159
77,137,104,159
77,136,104,158
78,134,105,156
77,133,104,155
77,133,104,155
77,132,104,154
77,132,104,154
77,132,104,154
77,132,104,154
77,132,104,154
77,132,104,154
76,133,103,155
77,132,104,154
77,133,104,155
76,133,103,155
77,133,104,155
76,133,103,155
76,133,103,155
77,132,104,154
76,133,103,155
75,133,102,155
74,134,101,156
74,132,101,154
70,130,97,152
73,130,100,152
74,132,101,154
74,132,101,154
74,132,101,154
74,131,101,153
73,132,100,154
73,132,100,154
73,132,100,154
72,132,99,154
73,134,100,156
66,128,93,150
62,128,89,150
58,129,85,151
55,132,82,154
55,132,82,154
51,138,78,160
48,144,75,166
45,144,72,166
45,145,72,167
39,145,66,167
36,140,63,162
31,143,58,165
28,142,55,164
23,143,50,165
19,145,46,167
10,146,37,168
9,144,36,166
10,143,37,165
7,140,34,162
0,139,27,161
0,132,27,154
0,127,27,149
0,127,27,149
0,126,27,148
17,144,44,166
37,142,64,164
36,144,63,166
33,143,60,165
34,142,61,164
33,143,60,165
11,147,38,169
9,149,36,171
5,148,32,170
3,149,30,171
0,144,27,166
0,144,27,166
0,141,27,163
0,139,27,161
0,140,27,162
2,140,29,162
2,140,29,162
3,141,30,163
9,139,36,161
14,138,41,160
15,138,42,160
21,137,48,159
22,136,49,158
34,136,61,158
29,137,56,159
38,136,65,158
45,137,72,159
53,137,80,159
60,137,87,159
40,140,67,162
46,137,73,159
45,138,72,160
49,137,76,159
49,135,76,157
55,133,82,155
57,131,84,153
56,131,83,153
58,131,85,153
63,131,90,153
66,132,93,154
70,132,97,154
77,130,104,152
76,130,103,152
78,130,105,152
83,130,110,152
87,129,114,151
91,129,118,151
92,129,119,151
95,129,122,151
101,128,128,150
106,127,133,149
108,127,135,149
108,127,135,149
111,127,138,149
113,127,140,149
120,126,147,148
118,126,145,148
121,123,148,145
123,119,150,141
128,117,155,139
131,117,158,139
132,117,159,139
137,117,164,139
140,118,167,140
144,118,171,140
141,119,168,141
149,117,176,139
156,115,183,137
154,116,181,138
154,116,181,138
156,116,183,138
164,115,191,137
168,114,195,136
164,115,191,137
167,114,194,136
173,113,200,135
176,113,203,135
178,112,205,134
178,112,205,134
195,111,222,133
184,107,211,129
185,104,212,126
184,101,211,123
184,101,211,123
180,99,207,121
175,98,202,120
171,98,198,120
167,98,194,120
166,98,193,120
162,97,189,119
157,95,184,117
159,93,186,115
156,95,183,117
159,90,186,112
150,94,177,116
139,88,166,110
139,88,166,110
137,87,164,109
136,86,163,108
136,86,163,108
135,86,162,108
136,85,163,107
136,84,163,106
134,82,161,104
134,81,161,103
134,81,161,103
133,80,160,102
134,80,161,102
134,80,161,102
133,80,160,102
133,80,160,102
132,80,159,102
131,80,158,102
129,79,156,101
127,78,154,100
122,77,149,99
122,77,149,99
117,76,144,98
113,76,140,98
110,75,137,97
109,75,136,97
105,74,132,96
98,74,125,96
92,74,119,96
86,73,113,95
86,73,113,95
80,72,107,94
74,72,101,94
68,72,95,94
68,71,95,93
61,72,88,94
55,73,82,95
51,72,78,94
52,73,79,95
50,72,77,94
49,72,76,94
47,71,74,93
48,71,75,93
46,70,73,92
45,70,72,92
43,69,70,91
43,69,70,91
43,68,70,90
43,68,70,90
42,68,69,90
42,68,69,90
42,68,69,90
42,65,69,87
41,64,68,86
42,64,69,86
41,64,68,86
40,63,67,85
39,62,66,84
39,62,66,84
38,62,65,84
38,61,65,83
35,61,62,83
36,60,63,82
34,60,61,82
32,59,59,81
31,59,58,81
31,59,58,81
31,59,58,81
30,59,57,81
30,59,57,81
31,60,58,82
32,61,59,83
31,61,58,83
32,61,59,83
31,61,58,83
30,61,57,83
30,60,57,82
30,60,57,82
29,61,56,83
30,61,57,83
30,60,57,82
30,60,57,82
30,60,57,82
28,60,55,82
28,60,55,82
28,61,55,83
28,61,55,83
28,61,55,83
27,61,54,83
27,62,54,84
24,63,51,85
26,61,53,83
25,63,52,85
25,62,52,84
23,62,50,84
21,63,48,85
23,62,50,84
21,63,48,85
21,63,48,85
18,64,45,86
18,65,45,87
19,65,46,87
18,66,45,88
18,66,45,88
18,65,45,87
17,65,44,87
18,66,45,88
18,68,45,90
18,69,45,91
17,68,44,90
18,69,45,91
19,70,46,92
18,69,45,91
18,70,45,92
17,70,44,92
17,68,44,90
18,69,45,91
18,69,45,91
18,68,45,90
18,68,45,90
17,69,44,91
18,69,45,91
20,69,47,91
20,70,47,92
21,70,48,92
21,70,48,92
22,71,49,93
23,72,50,94
23,70,50,92
25,72,52,94
25,71,52,93
26,73,53,95
25,72,52,94
28,73,55,95
28,75,55,97
30,77,57,99
28,77,55,99
28,78,55,100
29,78,56,100
29,79,56,101
30,80,57,102
29,78,56,100
29,80,56,102
31,81,58,103
30,82,57,104
31,82,58,104
32,83,59,105
33,84,60,106
32,84,59,106
33,84,60,106
34,87,61,109
34,87,61,109
35,87,62,109
35,89,62,111
35,90,62,112
36,90,63,112
36,90,63,112
35,92,62,114
35,93,62,115
34,93,61,115
37,94,64,116
34,95,61,117
33,96,60,118
34,96,61,118
35,96,62,118
34,97,61,119
35,98,62,120
34,98,61,120
35,100,62,122
35,100,62,122
35,101,62,123
35,102,62,124
36,103,63,125
36,104,63,126
36,105,63,127
36,106,63,128
36,106,63,128
36,107,63,129
36,107,63,129
37,106,64,128
36,108,63,130
37,107,64,129
35,108,62,130
36,109,63,131
36,110,63,132
35,110,62,132
35,113,62,135
35,114,62,136
34,114,61,136
32,112,59,134
32,112,59,134
33,111,60,133
32,109,59,131
31,108,58,130
30,108,57,130
31,108,58,130
30,107,57,129
30,105,57,127
31,102,58,124
31,103,58,125
30,102,57,124
30,100,57,122
31,99,58,121
30,99,57,121
30,98,57,120
32,97,59,119
31,98,58,120
31,98,58,120
31,98,58,120
31,98,58,120
30,99,57,121
31,99,58,121
30,99,57,121
29,101,56,123
31,100,58,122
29,102,56,124
28,102,55,124
28,102,55,124
28,103,55,125
28,103,55,125
27,105,54,127
27,105,54,127
27,106,54,128
25,107,52,129
26,109,53,131
26,109,53,131
26,109,53,131
27,109,54,131
24,112,51,134
22,113,49,135
22,114,49,136
20,115,47,137
18,116,45,138
17,118,44,140
16,120,43,142
16,120,43,142
15,121,42,143
13,123,40,145
