58,100,85,122
59.617,100.06,86.497,121.97
60.998,100.23,88.243,122.44
62.152,100.8,89.488,123.08
62.114,100.85,89.366,123.06
63.744,101.33,90.865,123.43
65.841,101.6,92.888,123.64
67.576,101.85,94.952,124.16
68.846,102.52,96.395,124.97
68.885,102.64,96.296,124.98
69.873,102.86,97.871,125.68
71.278,103.42,99.25,126.21
70.763,104.12,98.348,126.6
69.632,104.18,97.253,126.69
68.828,104.7,95.92,126.77
68.828,104.7,95.92,126.77
67.738,104.66,94.992,126.87
66.726,105.17,94.015,127.4
65.616,105.78,93.174,128.24
65.712,105.84,93.131,128.18
65.342,106.3,92.778,128.66
65.208,107.36,91.974,129.17
65.441,107.88,92.28,129.74
67.369,108.31,94.382,130.32
69.316,108.28,96.3,130.26
69.237,108.21,96.225,130.2
72.801,108.33,99.399,130
76.102,108.44,102.99,130.35
80.561,108.5,107.26,130.25
86.173,108.85,111.7,129.64
90.065,109.25,115.12,129.65
91.605,109.53,116.7,129.97
92.941,109.68,118.54,130.52
92.941,109.68,118.54,130.52
93.987,109.63,120.59,131.3
95.105,109.88,122.16,131.92
96.143,110.04,122.97,131.9
96.107,110.03,122.97,131.92
96.818,109.96,123.89,132.02
98.631,110.31,125.49,132.19
99.353,110.19,126.51,132.32
99.265,110.15,126.38,132.24
100.81,110.45,127.93,132.55
102.7,110.58,129.23,132.2
104.79,111.17,130.6,132.2
106.38,111.35,132.09,132.29
106.38,111.35,132.09,132.29
108.01,109.55,133.56,130.35
110.01,107.09,135.41,127.77
110.01,107.09,135.41,127.77
110.89,104.12,137.37,125.7
112.02,101.69,138.75,123.47
113.24,99.23,140.84,121.72
115.92,97.81,141.84,118.92
117.43,96.633,143.47,117.84
117.33,96.474,143.61,117.88
118.98,95.448,145.16,116.78
119.81,94.785,147.64,117.47
121.42,95.498,149.17,118.12
122.92,95.763,150.21,118.01
122.95,95.858,150.13,118
124.07,96.062,151.13,118.1
124.86,96.02,151.96,118.1
126.2,96.151,153.35,118.28
127.18,96.055,154.52,118.34
127.18,96.055,154.52,118.34
128.48,96.18,156.15,118.73
130.09,96.18,157.74,118.71
131.09,96.636,158.82,119.24
132.63,96.483,160.08,118.85
134.78,96.467,161.84,118.52
134.83,96.35,161.88,118.39
136.45,96.409,163.3,118.28
138.09,96.406,164.7,118.09
139.93,96.434,166.19,117.83
141.18,96.205,167.88,117.96
142.47,96.157,169.31,118.02
142.35,96.118,169.23,118.02
144.12,96.14,171.21,118.21
145.8,96.451,172.54,118.23
147.39,96.372,174.21,118.23
149.02,96.587,175.89,118.48
150.64,96.685,177.73,118.76
150.64,96.685,177.73,118.76
151.44,96.532,179.48,119.39
152.9,97.062,180.77,119.78
154.29,97.43,181.71,119.78
155.81,97.679,183.02,119.85
156.61,97.671,184.35,120.28
157.74,97.55,186.06,120.64
157.74,97.55,186.06,120.64
158.62,97.873,187.17,121.15
158.31,97.459,187.97,121.64
158.12,97.224,188.07,121.65
157.93,96.881,188.76,122.03
157.93,96.881,188.76,122.03
157.45,96.398,189.68,122.7
166,99,196,123.5
166.58,98.425,198.22,124.27
167.16,97.775,199.68,124.36
167.12,97.581,199.76,124.27
166.86,96.849,201.12,124.87
167.19,96.462,202.86,125.65
168.41,96.747,203.62,125.56
168.41,96.747,203.62,125.56
168.49,96.711,204.29,126
168.83,96.681,205.74,126.88
168.37,96.391,206.15,127.31
168.91,96.717,206.75,127.69
169.33,96.705,207.21,127.71
169.33,96.705,207.21,127.71
169.66,96.714,207.63,127.79
169.98,97.08,208.09,128.27
180.85,105.77,205.92,126.23
181.54,106.27,206.45,126.59
182.66,107.17,206.69,126.77
182.66,107.17,206.69,126.77
183.96,108.08,206.51,126.48
184.78,108.36,207.43,126.84
185.85,109.77,206.89,126.92
186.37,110.23,207.41,127.38
186.37,110.23,207.41,127.38
186.95,110.87,207.68,127.77
188.29,111.81,208.04,127.9
188.23,112.42,207.6,128.2
188.23,112.42,207.6,128.2
188.27,113.32,207.07,128.63
188.14,113.92,207.06,129.33
188.35,115.08,206.5,129.86
188.35,115.08,206.5,129.86
188.62,115.88,205.8,129.86
187.79,116.53,205.02,130.55
187.31,117.53,203.85,130.98
185.74,118.21,201.79,131.25
184.63,118.54,200.45,131.4
184.63,118.54,200.45,131.4
183.07,118.97,198.46,131.47
181.85,119.67,196.74,131.76
181.06,120.04,195.09,131.42
181.06,120.04,195.09,131.42
179.93,120.76,193.43,131.71
188,116,210,134
186.46,116.44,208.84,134.75
186.46,116.44,208.84,134.75
184,119,211,141
182.12,119.03,210.61,142.25
180.03,119.18,209.84,143.48
177.68,118.93,209.31,144.73
175.98,119.02,209.02,146
175.99,119.27,209.02,146.25
174.55,119.08,207.82,146.26
173.08,119.25,206.88,146.88
171.39,118.99,206.52,147.7
169.76,119.46,205.06,148.33
169.76,119.46,205.06,148.33
167.64,119.24,203.63,148.66
166.19,119.88,201.45,148.71
164.14,119.37,199.58,148.34
162.56,118.28,198.13,147.36
160.28,116.15,196.38,145.67
160.28,116.15,196.38,145.67
158.37,113.5,194.36,142.93
156.39,110.93,192.47,140.43
154.59,108.38,190.43,137.69
152.28,106.21,188.82,136.09
150.09,104.56,186.63,134.44
150.09,104.56,186.63,134.44
147.48,101.42,186.43,133.31
146.11,98.414,186.02,131.11
144.3,96.316,185.79,130.31
144.3,96.316,185.79,130.31
142.41,94.5,184.69,129.14
139.88,92.754,183.23,128.28
138.43,90.998,182.35,126.99
138.43,90.998,182.35,126.99
137.06,90.038,181.56,126.51
131,91.2,173.2,126
129.08,90.545,172.43,126.3
127.3,90.253,171.14,126.41
127.3,90.253,171.14,126.41
125.51,89.881,170.21,126.76
123.92,89.893,168.23,126.45
122.45,89.191,167.75,126.57
122.45,89.191,167.75,126.57
121.26,89.017,166.93,126.69
119.72,88.682,165.49,126.43
119.72,88.682,165.49,126.43
118.06,88.115,164.3,126.26
116.98,87.96,162.6,125.59
115.17,87.802,160.81,125.45
113.73,87.891,158.98,125.22
111.76,87.929,157.5,125.66
111.76,87.929,157.5,125.66
110.02,87.479,156.29,125.65
108.2,87.168,155.14,125.89
108.2,87.168,155.14,125.89
106.1,86.952,153.34,125.93
105.77,86.791,153.23,125.95
105.04,86.65,152.67,125.94
104.2,86.516,152.14,126.08
104.03,86.297,151.58,125.53
103.48,85.905,151.19,125.27
103.48,85.905,151.19,125.27
102.71,85.574,150.9,125.34
102.11,85.356,150.29,125.11
101.11,85.172,149.46,125.07
100.41,85.115,148.22,124.56
100.41,85.115,148.22,124.56
100.25,84.951,148.23,124.54
99.529,84.464,147.85,124.34
98.043,83.208,147.42,123.95
98.043,83.208,147.42,123.95
97.902,83.108,147.52,124.05
96.708,82.261,147.75,124.39
95.413,81.567,147.99,124.97
94.353,81.156,147.92,125.37
94.353,81.156,147.92,125.37
92.914,80.595,147.31,125.5
92.029,80.004,147.77,126.02
91.017,79.389,147.25,125.82
89.517,78.489,147.09,126.03
89.517,78.489,147.09,126.03
89.397,78.357,147.19,126.08
89.311,78.274,147.27,126.13
89.244,78.212,147.31,126.16
89.171,78.156,147.37,126.22
89.171,78.156,147.37,126.22
89.124,78.115,147.42,126.25
89.094,78.093,147.44,126.28
89.034,78.038,147.48,126.3
89.034,78.038,147.48,126.3
88.996,78.011,147.5,126.32
88.985,77.996,147.51,126.33
88.954,77.98,147.52,126.34
88.932,77.948,147.55,126.36
88.913,77.93,147.55,126.35
88.825,77.856,147.64,126.43
88.825,77.856,147.64,126.43
88.802,77.841,147.65,126.44
88.793,77.832,147.66,126.45
88.706,77.734,147.76,126.5
88.648,77.693,147.81,126.55
88.648,77.693,147.81,126.55
88.639,77.686,147.81,126.55
88.632,77.663,147.83,126.55
88.631,77.664,147.83,126.55
88.632,77.665,147.83,126.55
88.632,77.665,147.83,126.55
88.644,77.673,147.82,126.54
88.649,77.676,147.82,126.54
88.648,77.675,147.82,126.54
87.116,76.656,148.61,127.45
87.116,76.656,148.61,127.45
87.113,76.648,148.62,127.45
87.113,76.648,148.62,127.45
87.074,76.617,148.66,127.48
87.082,76.624,148.64,127.47
87.063,76.606,148.67,127.49
87.063,76.606,148.67,127.49
87.059,76.603,148.67,127.49
87.023,76.591,148.66,127.5
87.014,76.583,148.67,127.51
87.009,76.579,148.67,127.51
87.009,76.579,148.67,127.51
87.008,76.58,148.67,127.51
87.006,76.576,148.68,127.51
87.005,76.576,148.67,127.51
87.005,76.577,148.68,127.51
87.006,76.578,148.68,127.51
87.006,76.578,148.68,127.51
87.006,76.578,148.68,127.51
87.006,76.579,148.67,127.51
87.007,76.579,148.68,127.51
87.007,76.579,148.68,127.51
87.039,76.611,148.67,127.51
87.002,76.582,148.69,127.53
87.068,76.644,148.63,127.49
87.058,76.64,148.63,127.5
87.058,76.64,148.63,127.5
87.042,76.639,148.64,127.51
87.044,76.64,148.64,127.51
87.045,76.64,148.64,127.51
87.046,76.64,148.64,127.51
87.046,76.64,148.64,127.51
87.049,76.641,148.63,127.51
87.045,76.638,148.64,127.51
87.065,76.643,148.65,127.5
87.056,76.631,148.65,127.5
87.049,76.627,148.65,127.5
87.049,76.627,148.65,127.5
87.058,76.636,148.64,127.5
87.051,76.629,148.65,127.5
87.051,76.629,148.65,127.5
87.051,76.629,148.65,127.5
NaN,NaN,NaN,NaN
NaN,NaN,NaN,NaN
NaN,NaN,NaN,NaN
NaN,NaN,NaN,NaN
NaN,NaN,NaN,NaN
NaN,NaN,NaN,NaN
NaN,NaN,NaN,NaN
NaN,NaN,NaN,NaN
NaN,NaN,NaN,NaN
NaN,NaN,NaN,NaN
NaN,NaN,NaN,NaN
NaN,NaN,NaN,NaN
NaN,NaN,NaN,NaN
NaN,NaN,NaN,NaN
NaN,NaN,NaN,NaN
NaN,NaN,NaN,NaN
NaN,NaN,NaN,NaN
NaN,NaN,NaN,NaN
NaN,NaN,NaN,NaN
NaN,NaN,NaN,NaN
NaN,NaN,NaN,NaN
NaN,NaN,NaN,NaN
NaN,NaN,NaN,NaN
NaN,NaN,NaN,NaN
NaN,NaN,NaN,NaN
NaN,NaN,NaN,NaN
NaN,NaN,NaN,NaN
NaN,NaN,NaN,NaN
NaN,NaN,NaN,NaN
NaN,NaN,NaN,NaN
NaN,NaN,NaN,NaN
NaN,NaN,NaN,NaN
NaN,NaN,NaN,NaN
NaN,NaN,NaN,NaN
NaN,NaN,NaN,NaN
NaN,NaN,NaN,NaN
NaN,NaN,NaN,NaN
NaN,NaN,NaN,NaN
NaN,NaN,NaN,NaN
NaN,NaN,NaN,NaN
41,37,68,59
38.901,36.925,66.769,59.639
38.045,36.838,65.906,59.546
38.284,36.879,65.93,59.41
37.184,36.844,64.934,59.46
35.751,36.449,64.404,59.806
35.235,36.386,64.08,59.902
34.437,36.131,63.853,60.115
33.491,35.733,63.805,60.455
33.109,35.794,63.335,60.444
33.109,35.794,63.335,60.444
32.856,35.813,62.764,60.201
32.744,35.947,62.011,59.809
32.979,36.171,61.538,59.452
32.979,36.171,61.538,59.452
33.104,36.545,60.894,59.195
32.925,36.776,60.284,59.071
32.319,37.402,59.283,59.372
31.572,37.37,58.39,59.22
30.897,37.816,57.814,59.747
30.897,37.816,57.814,59.747
30.246,37.738,57.129,59.642
29.38,38.26,56.23,60.137
28.359,38.522,55.843,60.92
27.792,38.993,55.374,61.471
27.792,38.993,55.374,61.471
31,40,53,58
31.086,40.624,52.628,58.245
30.952,40.555,52.691,58.339
30.84,40.516,52.641,58.351
30.88,40.387,52.73,58.264
30.796,40.49,52.357,58.128
30.138,40.804,52.058,58.738
29.759,41.015,51.22,58.571
29.54,41.394,50.435,58.481
29.54,41.394,50.435,58.481
29.854,42.191,49.806,58.499
30.113,42.976,49.09,58.479
30.615,43.956,48.48,58.541
30.796,44.727,47.992,58.758
30.796,44.727,47.992,58.758
30.341,44.789,47.76,59.004
30.562,45.581,47.622,59.501
30.663,46.361,47.276,59.911
30.842,47.225,47.029,60.424
30.842,47.225,47.029,60.424
30.465,47.806,46.587,60.95
30.519,48.356,46.753,61.593
30.532,48.858,46.733,62.068
30.42,49.315,46.861,62.723
30.43,49.752,46.856,63.148
30.431,49.769,46.841,63.151
30.431,49.769,46.841,63.151
30.433,49.908,46.634,63.118
30.452,50.414,46.351,63.373
30.375,51.202,45.733,63.716
30.103,51.901,45.28,64.265
30.103,51.901,45.28,64.265
30.143,52.594,45.424,65.043
29.826,53.122,45.212,65.659
30.074,54.173,45.259,66.543
30.074,54.173,45.259,66.543
30.077,54.743,45.335,67.174
29.909,55.3,45.338,67.873
30.157,55.646,45.246,67.938
30.645,55.949,45.588,68.119
30.645,55.949,45.588,68.119
31.197,56.664,45.93,68.66
31.649,57.121,46.425,69.152
32.027,57.617,46.593,69.476
32.42,58.068,47.061,69.989
32.42,58.068,47.061,69.989
33.575,58.869,48.01,70.62
34.096,59.268,48.442,70.945
34.787,59.534,48.986,71.09
34.787,59.534,48.986,71.09
35.376,59.687,49.093,70.845
36.022,60.371,49.264,71.137
36.813,61.152,50.241,72.071
37.379,61.563,50.907,72.565
37.379,61.563,50.907,72.565
37.756,61.871,50.438,72.174
37.553,61.631,50.613,72.245
37.887,62.22,50.576,72.529
39.097,63.614,49.63,72.142
38.822,63.691,51.282,73.811
38.822,63.691,51.282,73.811
38.187,63.228,52.911,75.218
38.754,63.294,53.383,75.205
38.82,63.312,53.185,75.004
39.393,63.39,53.915,75.213
39.966,63.929,54.156,75.477
39.966,63.929,54.156,75.477
40.595,64.01,55.117,75.833
42.316,64.983,55.506,75.706
43.814,66.011,56.192,76.062
45.605,66.884,57.708,76.708
45.605,66.884,57.708,76.708
47.913,68.06,59.42,77.391
48.189,68.037,60.215,77.798
48.189,68.037,60.215,77.798
49.111,68.839,60.326,77.93
49.427,69.478,60.281,78.27
50.375,70.315,59.613,77.772
50.986,71.219,59.776,78.306
50.986,71.219,59.776,78.306
51.54,72.273,59.68,78.824
52.421,73.23,60.567,79.785
53.219,74.169,61.489,80.827
53.514,74.379,62.279,81.446
53.514,74.379,62.279,81.446
54.229,74.527,62.861,81.484
54.963,74.624,63.546,81.54
42,72,64,90
43.136,72.54,64.905,90.349
43.136,72.54,64.905,90.349
44.374,73.329,65.384,90.511
45.735,74.046,66.229,90.802
47.305,74.966,67.028,91.086
47.305,74.966,67.028,91.086
48.571,75.582,68.008,91.465
49.939,76,69.582,92.054
51.054,76.516,70.579,92.471
51.911,76.415,71.731,92.614
51.911,76.415,71.731,92.614
52.713,76.705,72.93,93.232
53.351,77.101,74.1,94.068
54.377,77.628,75.125,94.594
54.377,77.628,75.125,94.594
55.267,78.288,75.975,95.22
56.534,78.955,76.754,95.485
57.271,79.456,77.875,96.303
57.271,79.456,77.875,96.303
58.021,79.779,79.128,97.042
58.925,80.201,80.355,97.73
59.544,80.515,81.132,98.174
60.232,80.759,81.666,98.292
60.232,80.759,81.666,98.292
61.015,81.144,82.789,98.957
61.888,81.38,83.814,99.318
62.929,81.892,84.88,99.852
64.517,82.348,86.318,100.18
64.638,82.261,86.489,100.14
66.218,83.093,87.239,100.28
67.658,83.689,88.567,100.79
69.291,84.467,89.972,101.38
70.979,84.867,91.76,101.86
72.567,85.306,93.284,102.24
73.45,85.562,94.078,102.43
73.45,85.562,94.078,102.43
71,89,98,111
72.299,89.14,100.05,111.75
72.98,88.954,102.33,112.88
72.98,88.954,102.33,112.88
74.621,89.762,103.81,113.56
75.911,89.797,106.16,114.47
77.039,90.141,107.85,115.27
77.835,89.87,110.33,116.4
78.717,89.867,112.37,117.35
78.717,89.867,112.37,117.35
80.017,90.245,113.9,117.92
81.307,90.073,115.49,117.99
82.513,89.895,117.01,118.07
82.513,89.895,117.01,118.07
83.72,89.858,118.86,118.56
84.976,89.975,120.55,119.04
86.427,90.326,122.17,119.53
86.427,90.326,122.17,119.53
88.504,90.598,123.83,119.46
90.482,91.076,125.52,119.69
92.52,91.279,127.52,119.87
92.52,91.279,127.52,119.87
94.43,91.193,129.65,119.96
95.864,91.052,131.36,120.05
97.383,91.137,132.94,120.19
98.98,91.62,134.88,120.95
100.18,91.436,137.27,121.74
100.18,91.436,137.27,121.74
101.76,91.43,139.62,122.41
103.86,91.722,141.91,122.88
105.41,91.861,144.31,123.71
105.65,91.548,145.24,123.97
105.65,91.548,145.24,123.97
107.18,91.326,147.02,123.96
108.6,91.607,148.64,124.41
109.92,91.263,150.24,124.31
111.49,91.322,151.82,124.38
111.49,91.322,151.82,124.38
112.46,90.908,153.83,124.82
114.29,91.079,155.86,125.16
115.79,90.946,158.03,125.58
115.79,90.946,158.03,125.58
117.47,90.831,160.15,125.82
118.81,90.048,162.74,126.07
120.17,89.856,164.58,126.28
120.17,89.856,164.58,126.28
122.44,89.747,166.9,126.21
124.54,89.213,169.26,125.88
126.67,89.005,171.32,125.63
128.8,89.078,173.47,125.72
128.8,89.078,173.47,125.72
131.12,89.38,175.98,126.17
132.06,88.839,178.39,126.84
133.39,88.926,179.53,126.77
134.53,89.036,181.44,127.62
134.4,89.277,181.33,127.97
135.75,88.93,183.25,128.1
137.84,89.323,184.63,127.96
139.71,89.272,186.17,127.63
139.9,89.051,186.63,127.63
139.9,89.051,186.63,127.63
141.43,88.976,188.45,127.85
141.88,89.099,189.15,128.22
142.16,89.143,189.67,128.49
143.97,89.064,191.26,128.22
145.25,89,192.53,128.18
145.43,89.25,192.65,128.38
145.51,89.312,192.95,128.64
146.73,88.509,194.75,128.33
148.15,88.01,196.18,127.83
149.52,87.337,197.87,127.42
149.52,87.337,197.87,127.42
150.67,86.675,199.73,127.35
151.77,85.558,202.32,127.48
162,86.4,207.4,124
163,85.737,209.47,124.25
162.75,85.803,209.35,124.43
162.62,85.739,209.48,124.59
177,88,216,120
177.96,87.43,217.03,119.49
179.44,87.399,218.18,119.18
179.58,87.55,218.38,119.39
180.08,87.49,218.82,119.28
180.66,87.141,219.37,118.9
181.38,87.032,219.76,118.52
181.73,86.959,220.41,118.69
182.18,87.304,220.01,118.34
182.18,87.304,220.01,118.34
182.09,87.145,220.09,118.32
181.67,86.865,220.1,118.39
181.67,86.703,220.08,118.22
182.33,86.365,220.12,117.36
182.33,86.365,220.12,117.36
182.77,86.48,220.26,117.23
183.07,86.265,220.39,116.88
183.23,86.246,220.3,116.66
183.81,85.866,220.67,116.1
184.49,85.614,220.91,115.49
184.49,85.614,220.91,115.49
184.52,85.21,221.12,115.23
184.44,84.731,220.78,114.54
184.3,83.966,220.89,113.98
184,83.28,221.09,113.7
183.86,83.038,221.06,113.55
183.86,83.038,221.06,113.55
183.37,82.608,220.83,113.34
183.25,82.528,220.91,113.42
183.01,82.249,221.12,113.51
183.01,82.378,220.66,113.27
183.06,82.369,220.62,113.18
183.06,82.369,220.62,113.18
183.06,82.188,220.67,113.04
182.95,82.051,220.5,112.85
182.85,81.947,220.6,112.92
182.57,81.728,220.81,113.1
182.5,81.692,220.81,113.13
182.47,81.665,220.82,113.13
182.47,81.665,220.82,113.13
182.5,81.676,220.82,113.11
182.48,81.649,220.83,113.11
182.28,81.467,220.98,113.21
182.27,81.46,220.98,113.22
182.23,81.43,221.01,113.24
182.23,81.43,221.01,113.24
152,72,174,90
150.17,71.895,172.77,90.391
148.56,71.718,170.76,89.882
146.88,71.369,168.98,89.453
146.88,71.369,168.98,89.453
144.85,70.955,167.49,89.477
142.33,70.57,166.92,90.707
140.29,70.165,165.35,90.696
138.09,70.048,162.94,90.4
138.09,70.048,162.94,90.4
135.54,69.939,160.85,90.67
133.63,69.92,158.8,90.533
131.77,69.812,157.11,90.573
130.62,69.746,156.05,90.579
128.61,69.12,155,90.744
128.61,69.12,155,90.744
127.26,68.496,154.07,90.475
125.93,67.899,153.22,90.269
124.72,67.519,152.36,90.184
123.51,67.288,151.35,90.107
122.56,67.132,150.19,89.785
122.56,67.132,150.19,89.785
121.48,66.614,149.55,89.629
120.76,66.961,147.88,89.194
119.59,66.624,146.01,88.248
118.24,66.253,144.28,87.556
118.24,66.253,144.28,87.556
116.6,65.697,143.43,87.636
114.27,64.941,142.66,88.158
112.24,64.955,141.59,88.964
110.36,64.778,139.32,88.472
110.36,64.778,139.32,88.472
108.61,64.828,137.29,88.286
106.59,64.714,134.66,87.666
105.44,64.953,132.89,87.392
104.36,64.414,131.99,87.004
103.38,63.965,131.2,86.715
103.38,63.965,131.2,86.715
102.44,63.808,129.62,86.012
101.97,63.458,129.13,85.65
100.9,63.041,128.64,85.71
100.9,63.041,128.64,85.71
99.853,62.623,127.73,85.396
98.934,62.616,126.72,85.316
98.222,61.974,125.93,84.598
98.416,61.981,125.95,84.448
97.503,61.239,125.73,84.283
96.585,60.576,124.89,83.683
95.703,59.732,123.61,82.499
94.321,59.299,122.06,81.932
93.122,58.699,121.24,81.643
93.122,58.699,121.24,81.643
91.596,58.643,119.79,81.651
90.101,58.593,118.31,81.613
87.489,58.006,117.04,82.13
85.522,57.741,115.18,81.951
85.522,57.741,115.18,81.951
84.466,58.092,113.06,81.424
83.743,57.728,112.32,81.048
83.015,57.448,111.11,80.371
82.729,57.174,110.19,79.575
82.797,57.131,110.15,79.431
81.833,56.811,109.07,79.022
81.482,56.594,108.27,78.433
81.482,56.594,108.27,78.433
81.045,56.653,107.82,78.478
80.072,56.242,106.91,78.122
79.799,55.98,106.33,77.612
79.353,55.455,105.91,77.107
79.353,55.455,105.91,77.107
78.306,54.492,106,77.073
77.352,53.694,105.73,76.843
76.628,53.379,104.43,76.051
75.54,52.865,103.51,75.675
75.54,52.865,103.51,75.675
74.441,52.604,102.49,75.481
73.096,52.402,100.98,75.142
71.198,51.843,99.916,75.266
69.612,51.367,98.676,75.073
68.311,51.134,97.198,74.695
68.311,51.134,97.198,74.695
67.796,50.842,96.42,74.187
67.262,50.408,95.845,73.719
67.194,50.363,95.881,73.759
66.623,50.089,95.259,73.444
66.378,49.645,94.667,72.714
66.378,49.645,94.667,72.714
65.91,49.438,94.601,72.838
65.729,49.286,93.967,72.314
65.632,48.874,93.967,71.981
65.632,48.874,93.967,71.981
65.11,48.264,93.535,71.446
65.172,47.909,93.318,70.861
64.995,47.662,92.643,70.204
64.312,47.224,91.574,69.45
64.312,47.224,91.574,69.45
63.791,46.691,91.158,69.003
62.881,46.487,90.021,68.613
61.544,45.823,89.608,68.707
61.138,45.758,89.162,68.607
61.354,45.819,89.121,68.455
59.372,45.083,88.476,68.817
57.922,44.709,87.221,68.604
57.101,44.873,86.148,68.561
56.575,44.506,85.913,68.433
56.575,44.506,85.913,68.433
56.114,44.388,85.416,68.285
55.738,43.983,84.998,67.846
55.291,43.687,84.502,67.51
55.001,43.416,84.552,67.518
55.001,43.416,84.552,67.518
54.571,43.337,84.239,67.534
53.87,42.933,83.797,67.344
53.346,42.324,83.53,66.945
52.943,41.626,83.247,66.347
52.211,41.116,83.318,66.496
52.211,41.116,83.318,66.496
51.3,40.644,82.659,66.231
50.007,39.998,82.084,66.175
49.006,39.685,81.692,66.363
47.814,39.39,81.132,66.587
47.814,39.39,81.132,66.587
46.794,38.987,80.484,66.49
46.51,39.203,79.635,66.241
44.573,38.589,78.813,66.544
43.002,38.466,77.515,66.644
43.002,38.466,77.515,66.644
42.522,38.462,77.002,66.614
41.584,38.3,76.455,66.772
40.996,38.142,75.797,66.558
40.996,38.142,75.797,66.558
40.223,37.817,75.742,66.823
39.972,37.624,75.958,67.013
39.972,37.624,75.958,67.013
39.53,37.296,75.433,66.617
38.976,37.189,74.926,66.549
38.651,37.341,73.394,65.709
38.17,37.164,72.894,65.516
37.383,36.931,72.15,65.319
36.667,36.818,71.419,65.194
36.667,36.818,71.419,65.194
35.698,36.666,70.698,65.245
34.535,36.4,70.153,65.487
33.992,36.249,70.085,65.726
27,34,54,56
27,34,54,56
25.494,33.981,52.642,56.102
24.29,33.883,51.808,56.308
23.89,33.824,51.427,56.265
24.167,33.868,51.57,56.199
23.409,33.711,51.311,56.452
22.58,33.307,51.355,56.765
22.406,33.379,50.987,56.678
22.583,33.613,50.668,56.504
22.85,33.783,50.812,56.573
23.679,34.645,51.19,57.065
23.607,35.036,50.931,57.302
23.607,35.036,50.931,57.302
23.591,35.053,50.921,57.324
23.696,35.417,50.494,57.25
23.459,35.416,50.25,57.244
23.37,35.577,50.138,57.387
23.37,35.577,50.138,57.387
23.4,35.987,50.181,57.807
23.881,36.269,49.901,57.464
24.017,36.73,49.67,57.623
24.017,36.73,49.67,57.623
24.547,37.831,49.019,57.755
24.843,38.528,48.034,57.4
24.954,40.88,48.151,59.756
25.555,41.69,48.031,59.974
26.189,43.475,47.085,60.461
26.189,43.475,47.085,60.461
26.306,43.954,46.792,60.603
26.389,44.546,46.66,61.019
26.164,44.959,46.785,61.719
26.183,45.594,46.675,62.248
26.183,45.594,46.675,62.248
26.196,46.152,46.53,62.675
26.291,47.145,46.5,63.567
26.49,47.831,46.477,64.07
26.503,48.331,46.543,64.613
26.549,48.84,46.557,65.096
27.062,49.267,46.946,65.422
27.127,49.6,46.943,65.698
27.451,50.022,47.685,66.463
27.328,50.536,48.442,67.701
27.328,50.536,48.442,67.701
28.041,51.261,48.273,67.701
28.248,51.567,48.721,68.206
27.853,51.388,49.208,68.75
28.043,51.9,49.472,69.324
28.299,52.769,49.287,69.831
28.275,53.216,49.443,70.425
28.684,53.811,49.785,70.966
28.684,53.811,49.785,70.966
28.682,54.749,49.888,71.99
28.795,55.161,50.677,72.957
29.026,55.893,50.605,73.439
29.026,55.893,50.605,73.439
29.014,56.334,50.848,74.091
29.461,56.738,51.134,74.362
29.552,57.197,51.185,74.788
29.942,57.627,51.729,75.344
29.942,57.627,51.729,75.344
30.368,58.106,51.944,75.651
30.177,58.538,52.092,76.361
30.281,59.317,52.664,77.524
30.822,60.531,52.926,78.509
30.822,60.531,52.926,78.509
30.726,60.832,53.035,78.978
30.627,60.794,53.302,79.241
31.027,61.471,53.314,79.599
31.186,62.209,53.153,80.075
31.173,63.104,53.117,80.978
31.346,63.895,53.287,81.766
31.641,64.879,53.305,82.523
31.641,64.879,53.305,82.523
31.545,65.435,53.736,83.512
31.404,65.986,54.248,84.6
31.951,67.141,53.877,85.001
32.045,67.586,53.762,85.273
31.987,68.024,54.033,85.982
31.987,68.024,54.033,85.982
32.285,68.349,54.506,86.451
32.609,69.121,54.654,87.077
33.039,69.612,55.139,87.614
32.787,70.096,55.858,88.897
33.107,70.921,56.443,89.94
33.107,70.921,56.443,89.94
33.848,72.575,56.938,91.392
34.542,73.207,57.43,91.857
34.667,73.46,58.107,92.564
34.806,73.654,57.931,92.499
34.806,73.654,57.931,92.499
35.019,74.27,57.946,92.953
35.43,75.291,58.003,93.682
35.972,76.462,57.868,94.296
35.972,76.462,57.868,94.296
36.409,77.446,58.318,95.291
36.591,78.236,59.191,96.65
36.769,79.399,59.036,97.539
36.935,80.512,58.956,98.448
36.98,80.969,58.907,98.829
36.98,80.969,58.907,98.829
37.185,81.38,59.178,99.294
37.324,81.976,59.051,99.671
37.812,82.719,59.34,100.25
38.098,83.155,59.854,100.87
38.495,84.041,60.419,101.9
38.495,84.041,60.419,101.9
38.475,85.459,60.502,103.4
39.158,86.639,61.085,104.5
39.531,87.487,61.733,105.57
39.952,88.162,62.28,106.35
39.952,88.162,62.28,106.35
40.171,88.515,62.943,107.07
40.312,89.251,63.715,108.32
40.625,89.961,64.38,109.32
40.625,89.961,64.38,109.32
41.224,90.949,64.764,110.14
41.724,91.679,65.454,111.02
42.121,92.734,65.994,112.19
42.458,94.17,66.668,113.91
42.458,94.17,66.668,113.91
42.96,95.526,67.007,115.13
42.983,96.008,67.047,115.63
43.371,96.43,67.518,116.12
43.705,96.909,67.972,116.69
44.457,97.843,68.134,117.14
44.457,97.843,68.134,117.14
45.192,98.721,68.575,117.78
45.619,99.929,69.376,119.29
46.514,101.14,69.662,120
47.167,102.53,70.914,121.89
47.167,102.53,70.914,121.89
48.289,104.14,71.791,123.29
49.279,104.94,72.719,124.04
49.525,105.24,73.487,124.77
49.912,105.62,74.633,125.78
50.513,106.3,75.361,126.56
50.513,106.3,75.361,126.56
51.232,107.47,76.507,128.09
51.833,108.22,77.76,129.37
52.679,109.7,78.741,130.96
53.806,111.27,79.707,132.39
53.806,111.27,79.707,132.39
54.522,112.49,80.227,133.46
55.022,112.95,80.745,133.93
55.584,113.33,81.354,134.35
55.584,113.33,81.354,134.35
55.927,114.05,82.038,135.35
56.936,115.26,82.659,136.25
57.506,116.28,83.202,137.24
58.611,117.27,84.059,138.02
59.167,118.78,84.617,139.54
59.167,118.78,84.617,139.54
60.167,120.26,85.597,141
61.187,121.68,86.602,142.41
62.157,122.6,87.635,143.38
62.47,123,88.611,144.33
62.47,123,88.611,144.33
63.009,123.68,90.121,145.8
63.794,125.17,90.58,147.03
64.493,125.77,91.519,147.83
64.493,125.77,91.519,147.83
64.962,126.76,92.574,149.29
65.489,127.88,93.771,150.96
66.514,130.29,94.783,153.36
67.457,132.03,95.068,154.56
67.457,132.03,95.068,154.56
67.869,132.81,94.818,154.8
68.78,133.63,95.874,155.74
69.665,134.56,96.921,156.8
70.738,136.09,97.671,158.07
70.738,136.09,97.671,158.07
72.088,137.89,98.18,159.17
72.821,139.36,98.783,160.54
73.625,140.66,99.799,162.02
74.233,142.09,101.28,164.16
74.921,143.79,101.56,165.53
74.921,143.79,101.56,165.53
75.915,144.66,102.23,166.13
76.523,145.41,103.62,167.52
77.279,145.77,104.96,168.37
78.436,147.06,106.33,169.83
78.436,147.06,106.33,169.83
79.911,147.66,108.75,171.21
81.088,147.72,111.13,172.26
82.128,148.74,113.25,174.17
83.334,150.06,114.7,175.68
83.334,150.06,114.7,175.68
84.641,151.45,116.39,177.39
85.978,152.94,117.97,179.08
87.27,153.86,119.44,180.15
88.663,154.72,120.68,180.88
89.866,155.84,122.42,182.45
89.866,155.84,122.42,182.45
91.721,157.55,123.71,183.68
93.549,159.37,124.85,184.94
95.075,160.68,126.94,186.72
95.075,160.68,126.94,186.72
96.909,162.45,129.16,188.8
99.15,164.26,131.75,190.9
101.2,165.78,133.78,192.4
101.2,165.78,133.78,192.4
102.93,166.58,135.86,193.5
104.31,167.29,138.12,194.93
106.3,168.33,141.73,197.3
108.27,169.5,144.54,199.15
108.27,169.5,144.54,199.15
110.87,171.22,146.84,200.63
113.05,172.69,149.23,202.27
115.43,174.16,151.68,203.81
117.86,176.15,154.29,205.94
117.86,176.15,154.29,205.94
119.91,178.1,156.27,207.83
121.56,178.77,157.67,208.29
108,170,141,197
109.85,170.89,143.13,198.12
111.83,171.95,145.43,199.43
114.39,173.45,147.49,200.53
114.29,173.34,147.37,200.4
117.15,174.83,149.47,201.27
120.07,175.35,152.37,201.77
120.07,175.35,152.37,201.77
122.76,176.6,155.26,203.2
125.34,177.26,158.71,204.56
127.73,177.72,161.19,205.1
129.65,178.86,163.13,206.25
131.59,179.99,164.87,207.22
131.59,179.99,164.87,207.22
134.1,181.49,167.83,209.09
137.07,183.48,170.59,210.91
139.71,184.26,174.29,212.55
139.71,184.26,174.29,212.55
142.45,186.37,176.7,214.4
138,186,185,225
139.72,187.12,187.66,226.9
141.86,187.52,189.59,227.13
141.86,187.52,189.59,227.13
144.46,187.97,191.44,226.96
145.8,188.42,193.53,228.02
148.39,189.26,196.46,229.16
148.79,189.45,196.6,229.12
150.97,190.01,198.74,229.65
153.09,189.9,201.88,230.4
155.68,189.79,205.31,230.98
158.36,189.44,209.23,231.66
161.54,189.1,213.33,232.09
161.54,189.1,213.33,232.09
164.62,188.65,217.57,232.61
167.49,188.78,220.39,232.69
170.4,189.31,223.06,233.02
172.59,189.59,226.11,234.02
172.59,189.59,226.11,234.02
175.32,190.37,230.7,236.36
176.4,190.53,231.84,236.55
176.47,190.64,231.84,236.62
176.49,190.65,231.87,236.63
176.55,190.72,231.79,236.59
176.55,190.72,231.79,236.59
176.56,190.71,231.82,236.59
176.54,190.7,231.84,236.61
176.57,190.72,231.83,236.6
176.57,190.72,231.83,236.6
176.56,190.72,231.85,236.63
176.58,190.73,231.84,236.61
176.58,190.72,231.84,236.61
176.57,190.72,231.85,236.62
176.56,190.75,231.83,236.63
176.56,190.75,231.83,236.63
176.56,190.75,231.83,236.63
176.56,190.74,231.84,236.63
176.57,190.74,231.83,236.63
176.57,190.75,231.83,236.63
176.57,190.74,231.84,236.63
176.56,190.74,231.84,236.64
176.56,190.74,231.84,236.64
176.56,190.74,231.84,236.64
176.57,190.75,231.83,236.64
176.57,190.75,231.83,236.63
176.55,190.75,231.88,236.69
176.55,190.75,231.88,236.68
176.55,190.75,231.88,236.68
176.56,190.75,231.87,236.68
176.55,190.75,231.87,236.68
176.55,190.75,231.87,236.68
176.55,190.75,231.87,236.68
176.56,190.76,231.86,236.68
176.55,190.76,231.86,236.68
176.56,190.76,231.85,236.68
176.55,190.76,231.86,236.68
176.55,190.76,231.86,236.68
176.55,190.76,231.86,236.69
176.55,190.76,231.86,236.68
176.54,190.76,231.86,236.69
176.54,190.75,231.87,236.69
176.54,190.75,231.87,236.69
176.57,190.78,231.85,236.68
176.57,190.78,231.85,236.68
176.56,190.77,231.85,236.69
176.55,190.77,231.86,236.69
176.55,190.77,231.86,236.69
176.56,190.77,231.86,236.69
176.56,190.77,231.86,236.69
176.56,190.78,231.85,236.68
176.56,190.78,231.85,236.68
176.56,190.78,231.85,236.69
176.55,190.77,231.84,236.68
176.55,190.77,231.84,236.68
176.56,190.78,231.83,236.67
176.56,190.78,231.83,236.67
176.55,190.77,231.85,236.68
176.54,190.76,231.85,236.69
176.55,190.77,231.85,236.69
176.55,190.77,231.85,236.68
176.55,190.77,231.85,236.68
176.55,190.77,231.85,236.68
176.54,190.76,231.85,236.69
176.54,190.77,231.84,236.68
176.54,190.77,231.84,236.69
176.55,190.76,231.84,236.67
176.55,190.76,231.84,236.67
176.56,190.77,231.84,236.66
176.56,190.77,231.83,236.66
176.56,190.78,231.82,236.66
176.56,190.77,231.83,236.67
176.56,190.77,231.83,236.67
176.56,190.77,231.84,236.67
176.58,190.78,231.83,236.66
176.57,190.78,231.83,236.66
176.57,190.78,231.83,236.66
176.58,190.79,231.82,236.65
176.58,190.78,231.82,236.65
176.57,190.78,231.83,236.66
176.58,190.78,231.82,236.65
176.58,190.78,231.82,236.65
176.58,190.78,231.82,236.66
176.58,190.78,231.83,236.66
176.57,190.77,231.83,236.66
176.57,190.78,231.82,236.66
176.57,190.78,231.82,236.66
176.57,190.78,231.82,236.66
176.57,190.78,231.82,236.66
176.57,190.78,231.82,236.66
176.57,190.78,231.82,236.66
176.58,190.77,231.84,236.65
176.59,190.77,231.83,236.64
176.59,190.77,231.84,236.64
176.59,190.77,231.84,236.64
176.59,190.78,231.83,236.64
176.59,190.78,231.83,236.64
176.59,190.78,231.83,236.64
176.59,190.78,231.83,236.64
176.59,190.78,231.82,236.64
176.59,190.78,231.82,236.64
176.59,190.78,231.81,236.63
176.59,190.78,231.81,236.63
176.61,190.79,231.81,236.62
176.6,190.79,231.81,236.62
176.6,190.79,231.81,236.62
176.59,190.78,231.81,236.64
176.59,190.78,231.81,236.63
176.59,190.78,231.81,236.63
176.59,190.78,231.81,236.63
176.58,190.78,231.79,236.61
176.58,190.78,231.78,236.61
176.58,190.78,231.79,236.62
176.58,190.78,231.79,236.62
176.58,190.78,231.79,236.62
176.58,190.78,231.79,236.62
176.58,190.78,231.79,236.62
176.58,190.78,231.79,236.62
176.59,190.78,231.78,236.61
176.58,190.78,231.79,236.62
176.59,190.78,231.78,236.61
176.59,190.78,231.78,236.61
176.59,190.78,231.78,236.61
176.59,190.78,231.78,236.61
176.58,190.78,231.78,236.61
176.58,190.78,231.78,236.61
176.59,190.78,231.79,236.61
176.58,190.77,231.8,236.62
176.58,190.77,231.8,236.62
176.58,190.78,231.79,236.61
176.59,190.78,231.79,236.61
176.59,190.78,231.79,236.61
176.59,190.78,231.79,236.61
176.58,190.78,231.79,236.62
176.58,190.78,231.79,236.62
176.59,190.78,231.78,236.61
176.59,190.78,231.78,236.61
176.59,190.79,231.77,236.6
176.58,190.78,231.78,236.61
176.58,190.78,231.78,236.61
176.58,190.78,231.78,236.61
176.58,190.78,231.79,236.62
176.58,190.78,231.77,236.61
176.58,190.79,231.76,236.61
176.58,190.79,231.77,236.61
176.58,190.79,231.77,236.61
176.58,190.79,231.77,236.62
176.58,190.79,231.77,236.61
176.58,190.78,231.77,236.62
176.58,190.78,231.77,236.62
176.58,190.79,231.77,236.61
176.6,190.8,231.74,236.58
176.6,190.79,231.76,236.59
176.6,190.8,231.75,236.6
176.6,190.8,231.75,236.6
176.61,190.83,231.7,236.57
176.61,190.85,231.67,236.56
176.73,190.92,231.56,236.44
177.25,191.05,230.76,235.48
177.25,191.05,230.76,235.48
177.59,190.87,231.26,235.42
177.75,191,231.06,235.26
177.8,191.02,230.91,235.11
177.8,191.02,230.91,235.11
177.85,191.01,230.93,235.08
177.8,190.79,230.6,234.62
177.81,190.76,230.61,234.59
177.73,190.72,230.6,234.61
177.73,190.72,230.6,234.61
177.58,190.64,230.58,234.64
177.53,190.36,230.59,234.41
177.3,189.98,230.61,234.24
177.3,189.98,230.61,234.24
177.25,189.87,230.71,234.25
177.19,189.69,230.92,234.3
177.16,189.63,230.98,234.32
177.12,189.61,231,234.34
177.12,189.61,231,234.34
177.15,189.64,230.98,234.33
177.09,189.69,230.89,234.36
176.61,189.8,230.34,234.41
176.61,189.8,230.34,234.41
175.88,189.83,229.47,234.32
175.63,189.74,229.16,234.18
175.55,189.77,228.99,234.14
175.55,189.77,228.99,234.14
175.73,189.66,229.45,234.26
176.07,189.63,229.87,234.3
176.1,189.63,229.87,234.28
176.31,189.64,230.26,234.43
176.31,189.64,230.26,234.43
176.33,189.65,230.24,234.41
176.19,189.56,230.29,234.48
175.91,189.47,230.07,234.43
175.91,189.47,230.07,234.43
175.83,189.4,230.01,234.39
175.8,189.37,230.04,234.4
175.86,189.31,230.07,234.32
175.88,189.33,230.05,234.31
175.88,189.33,230.05,234.31
175.97,189.41,229.96,234.24
176.14,189.15,230.69,234.44
175.63,188.67,230.84,234.51
175.63,188.67,230.84,234.51
175.64,188.67,230.8,234.48
175.64,188.65,230.79,234.44
175.55,188.57,230.88,234.51
175.55,188.57,230.88,234.51
175.63,188.55,231,234.52
175.61,188.53,231.04,234.55
175.6,188.54,231.05,234.58
175.75,188.47,231.42,234.7
175.75,188.47,231.42,234.7
175.51,188.31,231.4,234.72
175.49,188.25,231.35,234.63
175.39,188.12,231.4,234.64
175.31,188.05,231.34,234.58
175.31,188.05,231.34,234.58
175.72,188.13,231.59,234.51
175.99,188.65,231.36,234.64
175.98,188.95,231.33,234.91
176.1,189.07,231.24,234.86
176.1,189.07,231.24,234.86
176.02,189.01,231.29,234.9
175.81,188.76,231.37,234.9
175.38,188.48,231.31,234.92
175.4,188.49,231.27,234.88
175.4,188.49,231.27,234.88
175.38,188.5,231.25,234.88
175.39,188.5,231.22,234.86
175.4,188.56,231.21,234.9
175.4,188.56,231.21,234.9
175.42,188.71,231.09,234.94
175.43,188.7,231.15,234.97
175.33,188.61,231.32,235.1
175.27,188.56,231.29,235.08
175.26,188.56,231.28,235.08
175.26,188.56,231.28,235.08
175.26,188.5,231.29,235.03
175.27,188.51,231.22,234.96
175.31,188.55,231.22,234.97
175.36,188.6,231.18,234.95
175.36,188.6,231.18,234.95
175.36,188.61,231.18,234.95
175.37,188.73,231.21,235.09
175.32,188.69,231.24,235.12
175.26,188.66,231.26,235.15
175.27,188.67,231.24,235.14
175.25,188.65,231.29,235.18
175.22,188.64,231.26,235.18
175.22,188.64,231.26,235.18
175.2,188.64,231.25,235.18
175.15,188.61,231.28,235.22
175.15,188.6,231.29,235.21
175.15,188.6,231.29,235.21
175.12,188.57,231.3,235.22
175.1,188.55,231.3,235.22
175.03,188.52,231.29,235.24
175.01,188.47,231.34,235.24
175.11,188.47,231.23,235.07
175.11,188.47,231.23,235.07
175.13,188.41,231.22,234.98
175.28,188.34,231.12,234.71
175.28,188.33,231.11,234.7
175.28,188.33,231.11,234.7
175.32,188.24,230.96,234.44
175.28,188.19,230.95,234.42
175.1,187.94,231.11,234.45
175.03,187.85,230.99,234.32
175.03,187.85,230.99,234.32
174.49,187.59,230.75,234.3
174.34,187.48,230.84,234.39
174.2,187.39,230.89,234.46
173.98,187.25,230.98,234.58
173.98,187.25,230.98,234.58
173.49,186.96,231.18,234.87
173.33,186.82,231.28,234.94
173.28,186.78,231.3,234.96
173.14,186.74,231.31,235.04
173.14,186.74,231.31,235.04
173.1,186.71,231.31,235.05
173.09,186.7,231.31,235.05
173,186.65,231.34,235.09
173.02,186.66,231.32,235.08
173.02,186.66,231.32,235.08
172.99,186.63,231.34,235.09
172.95,186.59,231.38,235.12
172.95,186.6,231.38,235.12
172.84,186.5,231.46,235.19
172.83,186.5,231.46,235.19
172.96,186.56,231.51,235.18
172.96,186.56,231.51,235.18
172.96,186.56,231.5,235.18
172.95,186.56,231.5,235.19
172.96,186.57,231.5,235.18
172.96,186.57,231.5,235.18
172.95,186.56,231.5,235.19
172.96,186.55,231.5,235.17
172.94,186.54,231.51,235.18
172.94,186.54,231.51,235.18
172.94,186.53,231.52,235.18
172.94,186.54,231.52,235.18
172.95,186.54,231.51,235.17
172.94,186.53,231.52,235.18
172.94,186.53,231.52,235.18
172.93,186.52,231.52,235.18
172.93,186.52,231.52,235.18
172.93,186.52,231.52,235.18
172.93,186.52,231.51,235.17
172.94,186.53,231.51,235.17
172.93,186.53,231.5,235.17
172.93,186.53,231.5,235.17
172.93,186.53,231.5,235.17
172.93,186.53,231.5,235.17
172.93,186.53,231.5,235.17
172.93,186.53,231.5,235.17
172.93,186.53,231.5,235.17
172.93,186.53,231.5,235.17
172.92,186.52,231.52,235.18
172.92,186.52,231.52,235.18
172.94,186.53,231.51,235.17
172.94,186.53,231.51,235.17
172.94,186.53,231.51,235.17
172.94,186.54,231.5,235.17
172.95,186.55,231.49,235.16
172.95,186.55,231.5,235.17
172.95,186.54,231.5,235.17
172.95,186.55,231.49,235.17
172.94,186.54,231.5,235.17
172.95,186.55,231.49,235.16
172.95,186.55,231.49,235.16
172.94,186.54,231.5,235.17
172.95,186.55,231.49,235.17
172.95,186.55,231.49,235.17
172.95,186.55,231.49,235.17
172.95,186.55,231.49,235.17
172.94,186.54,231.5,235.17
172.94,186.54,231.5,235.17
172.94,186.53,231.5,235.17
172.94,186.53,231.5,235.17
172.94,186.53,231.5,235.16
172.94,186.53,231.5,235.17
172.94,186.53,231.51,235.17
172.94,186.53,231.51,235.17
172.93,186.53,231.51,235.17
172.93,186.53,231.51,235.17
172.93,186.53,231.51,235.18
172.93,186.53,231.51,235.18
172.93,186.53,231.51,235.18
172.93,186.53,231.51,235.18
172.93,186.53,231.51,235.18
172.93,186.53,231.51,235.18
172.93,186.53,231.51,235.18
172.93,186.53,231.51,235.18
172.93,186.53,231.51,235.18
172.93,186.53,231.51,235.18
172.93,186.53,231.51,235.18
172.93,186.52,231.51,235.18
172.94,186.53,231.5,235.17
172.94,186.53,231.51,235.17
172.94,186.53,231.51,235.17
172.94,186.53,231.51,235.17
172.94,186.53,231.5,235.17
172.94,186.53,231.5,235.17
172.94,186.53,231.5,235.17
172.94,186.53,231.5,235.17
172.94,186.53,231.5,235.16
172.95,186.54,231.49,235.16
172.95,186.54,231.49,235.16
172.95,186.54,231.49,235.16
172.96,186.54,231.49,235.15
172.96,186.54,231.49,235.16
172.96,186.54,231.49,235.16
172.95,186.54,231.49,235.16
172.95,186.53,231.51,235.16
172.95,186.53,231.51,235.16
172.94,186.52,231.51,235.16
172.93,186.52,231.51,235.17
172.93,186.52,231.51,235.17
172.93,186.52,231.52,235.17
172.93,186.52,231.51,235.17
172.94,186.52,231.51,235.17
172.94,186.52,231.51,235.17
172.99,186.53,231.49,235.11
173,186.53,231.48,235.1
172.99,186.53,231.48,235.11
172.99,186.53,231.48,235.11
172.99,186.52,231.49,235.1
172.99,186.53,231.47,235.1
172.99,186.53,231.48,235.1
172.99,186.53,231.48,235.1
173,186.54,231.46,235.09
173,186.54,231.47,235.09
173,186.53,231.48,235.09
173,186.52,231.49,235.09
173,186.53,231.48,235.09
173,186.53,231.48,235.09
173,186.53,231.48,235.09
173,186.52,231.48,235.09
173.01,186.53,231.48,235.08
173.01,186.52,231.48,235.08
173.01,186.52,231.48,235.08
173,186.53,231.47,235.09
173,186.53,231.48,235.09
173,186.53,231.48,235.09
173.01,186.53,231.48,235.09
173,186.53,231.48,235.09
173,186.53,231.48,235.09
173.01,186.53,231.48,235.09
173.01,186.53,231.48,235.09
173.02,186.53,231.48,235.09
173.01,186.53,231.48,235.09
173.01,186.53,231.47,235.08
173.01,186.53,231.47,235.08
173,186.52,231.49,235.09
170,75,203,102
169.34,74.997,202.12,101.81
168.6,74.977,201.17,101.63
168.6,74.977,201.17,101.63
168.07,74.93,200.64,101.58
167.6,74.711,200.17,101.36
167.58,74.695,200.2,101.38
167.46,74.503,200.3,101.37
167.57,74.584,199.96,101.08
167.57,74.584,199.96,101.08
167.77,74.685,199.62,100.74
167.9,74.724,199.43,100.51
167.93,74.705,199.34,100.4
167.84,74.664,199.31,100.41
167.81,74.647,199.31,100.41
167.81,74.647,199.31,100.41
167.83,74.662,199.3,100.41
167.57,74.542,199.33,100.53
167.54,74.516,199.35,100.54
167.53,74.508,199.37,100.55
167.53,74.508,199.37,100.55
139.9,66.3,173.5,93.8
137.63,66.061,172.59,94.677
134.86,65.46,170.95,95.017
134.86,65.46,170.95,95.017
132.48,65.01,169.76,95.543
129.91,64.395,168.59,96.081
127.46,64.193,167.15,96.723
131,69,153,87
131,69,153,87
129.41,68.683,152.04,87.203
127.36,67.839,151.48,87.589
126.21,67.681,149.81,86.997
126.21,67.681,149.81,86.997
124.9,66.881,149.08,86.686
123.45,66.836,147.58,86.595
122.24,66.293,146.9,86.492
120.81,65.802,146.13,86.547
120.24,65.994,144.62,85.965
120.24,65.994,144.62,85.965
119.52,65.556,143.63,85.301
118.12,64.959,142.32,84.782
116.75,64.427,140.86,84.17
116.75,64.427,140.86,84.17
115.14,63.943,139.37,83.779
113.46,63.786,138.05,83.923
112.17,64.113,136.91,84.377
112.17,64.113,136.91,84.377
109.82,63.785,135.25,84.618
107.12,63.389,132.94,84.547
105.08,63.333,131.02,84.587
103.15,63.277,128.98,84.44
103.15,63.277,128.98,84.44
101.65,63.273,127.36,84.339
99.835,62.396,126.53,84.244
98.235,61.65,125.58,84.031
97.308,61.203,124.52,83.474
97.308,61.203,124.52,83.474
96.437,61.135,123.32,83.139
95.534,60.47,122.7,82.682
94.728,60.263,122.06,82.61
94.728,60.263,122.06,82.61
93.848,59.853,121.28,82.266
93.226,59.538,119.96,81.371
92.764,58.957,119.52,80.813
92.764,58.957,119.52,80.813
91.85,58.334,118.51,80.108
90.842,57.423,117.44,79.144
90.842,57.423,117.44,79.144
90.083,57.182,116.09,78.418
88.434,56.525,114.82,78.076
86.784,56.376,113.47,78.175
84.885,56.37,112.19,78.659
82.895,55.573,111.14,78.637
81.424,55.063,109.65,78.11
81.424,55.063,109.65,78.11
80.097,54.88,107.56,77.296
79.483,54.935,107.37,77.696
79.412,54.815,106.32,76.769
78.548,54.335,105.69,76.482
78.548,54.335,105.69,76.482
77.902,54.139,105.27,76.476
77.501,53.796,104.8,76.076
77.116,53.885,104.16,75.956
77.116,53.885,104.16,75.956
77.454,54.043,103.74,75.489
77.087,53.659,103.11,74.888
76.435,52.765,103.01,74.439
76.151,52.493,102.41,73.906
75.125,51.65,101.84,73.438
74.126,51.149,100.88,72.968
73.015,50.597,100.08,72.677
73.015,50.597,100.08,72.677
71.666,49.88,99.423,72.526
70.182,49.415,98.543,72.558
68.711,49.18,97.221,72.446
67.483,48.65,96.307,72.173
67.483,48.65,96.307,72.173
66.51,48.161,95.298,71.655
65.448,47.536,94.811,71.502
64.436,46.984,94.25,71.321
64.436,46.984,94.25,71.321
64.118,46.79,94.182,71.334
63.985,46.639,93.446,70.686
63.665,46.488,92.953,70.392
63.221,46.094,92.481,69.976
63.221,46.094,92.481,69.976
63.235,46.159,91.979,69.616
63.215,45.709,91.319,68.633
62.731,44.78,91.223,68.024
61.844,44.133,90.548,67.552
61.844,44.133,90.548,67.552
60.769,43.504,89.61,67.034
59.308,42.717,89.509,67.367
58.168,42.22,88.647,67.098
57.154,41.704,88.621,67.395
57.154,41.704,88.621,67.395
55.667,41.305,87.551,67.337
54.516,40.821,87.133,67.456
52.354,39.777,86.281,67.489
51.244,39.76,84.738,67.117
51.244,39.76,84.738,67.117
50.551,39.69,83.949,66.968
49.971,39.636,83.444,66.975
49.049,39.348,82.775,66.895
47.846,38.782,82.547,67.13
47.542,38.89,81.988,67.029
47.542,38.89,81.988,67.029
46.625,38.451,81.128,66.636
45.853,38.445,79.348,65.802
45.6,38.619,78.323,65.341
44.962,37.751,78.323,64.998
44.962,37.751,78.323,64.998
43.632,37.434,77.605,65.183
42.368,36.751,77.289,65.28
40.646,36.058,77.133,65.874
39.578,35.548,77.056,66.179
39.578,35.548,77.056,66.179
38.068,35.01,76.855,66.718
36.961,34.819,75.828,66.592
36.175,35.186,74.098,66.184
36.175,35.186,74.098,66.184
34.904,35.273,72.568,66.057
33.825,35.504,70.815,65.734
33.379,34.997,70.691,65.492
32.743,34.869,70.292,65.559
32.075,34.771,69.635,65.469
32.002,34.733,69.745,65.582
31.779,34.688,69.752,65.725
31.779,34.688,69.752,65.725
31.718,34.772,69.73,65.843
31.787,34.811,69.717,65.814
31.55,34.654,69.817,65.934
31.55,34.654,69.817,65.934
31.37,34.606,69.827,66.042
30.848,34.358,69.848,66.241
30.833,34.369,69.85,66.265
30.868,34.406,69.794,66.227
30.667,34.295,69.886,66.357
30.667,34.295,69.886,66.357
30.298,34.046,70.06,66.555
30.261,33.84,70.052,66.373
30.311,33.879,70.053,66.371
30.139,33.796,70.016,66.399
30.139,33.796,70.016,66.399
30.148,33.805,70.001,66.389
30.038,33.77,70.068,66.499
29.853,33.668,70.147,66.614
29.543,33.701,69.954,66.743
29.389,33.584,70.036,66.82
29.389,33.584,70.036,66.82
29.297,33.539,70.114,66.915
29.25,33.505,70.178,66.972
29.216,33.619,70.017,66.983
29.216,33.619,70.017,66.983
29.207,33.611,70.029,66.991
29.64,33.916,69.912,66.844
29.618,34.13,70.039,67.18
29.727,34.192,70.071,67.178
29.635,34.129,70.126,67.237
29.636,34.13,70.124,67.235
29.636,34.13,70.124,67.235
29.636,34.13,70.124,67.235
29.693,34.144,70.155,67.228
29.673,34.134,70.167,67.245
29.673,34.134,70.167,67.245
29.674,34.135,70.166,67.244
29.566,34.049,70.208,67.282
29.475,33.935,70.399,67.399
29.551,34.02,70.216,67.271
29.551,34.02,70.216,67.271
29.559,34.062,70.215,67.305
29.556,34.062,70.211,67.305
29.514,34.023,70.242,67.327
29.528,33.99,70.261,67.297
29.528,33.99,70.261,67.297
29.527,33.987,70.28,67.31
29.626,34.081,70.055,67.139
29.554,34.057,70.089,67.201
29.545,34.056,70.108,67.223
29.58,34.077,70.085,67.196
29.58,34.077,70.085,67.196
29.601,34.109,70.048,67.181
29.593,34.102,70.055,67.186
29.59,34.1,70.055,67.187
29.594,34.102,70.054,67.185
29.594,34.102,70.054,67.185
29.595,34.102,70.053,67.184
29.554,34.094,70.01,67.173
29.532,34.078,70.046,67.206
29.527,34.063,70.062,67.207
29.508,34.057,70.081,67.234
29.5,34.053,70.092,67.244
29.5,34.053,70.092,67.244
29.504,34.052,70.088,67.237
29.504,34.051,70.09,67.237
29.504,34.051,70.089,67.237
29.501,34.046,70.096,67.24
29.501,34.046,70.096,67.24
29.501,34.046,70.096,67.24
29.502,34.049,70.094,67.24
29.513,34.046,70.1,67.234
29.5,34.037,70.117,67.249
29.5,34.037,70.117,67.249
29.502,34.038,70.116,67.247
29.495,34.04,70.108,67.248
29.493,34.037,70.112,67.25
29.493,34.037,70.112,67.25
29.518,34.013,70.073,67.174
29.516,34.011,70.074,67.175
29.52,34.013,70.073,67.172
29.52,34.013,70.073,67.172
29.553,34.041,70.055,67.159
29.523,34.013,70.086,67.18
29.543,34.03,70.053,67.154
29.543,34.03,70.053,67.154
29.543,34.031,70.052,67.155
29.543,34.031,70.052,67.155
29.542,34.03,70.053,67.155
29.545,34.034,70.051,67.154
29.545,34.035,70.051,67.155
29.545,34.035,70.051,67.155
29.543,34.032,70.054,67.157
29.543,34.032,70.054,67.157
29.544,34.033,70.054,67.157
29.514,34.018,70.076,67.185
29.507,33.996,70.095,67.185
29.506,33.997,70.095,67.185
29.506,33.997,70.095,67.185
29.507,33.997,70.094,67.185
29.506,33.997,70.095,67.185
29.506,33.997,70.095,67.185
29.506,33.996,70.095,67.185
29.506,33.996,70.095,67.185
29.522,34.007,70.083,67.172
29.527,34.008,70.085,67.171
29.527,34.008,70.085,67.171
29.543,34.027,70.078,67.171
29.542,34.021,70.085,67.173
29.542,34.021,70.085,67.173
29.544,34.023,70.083,67.171
29.559,34.038,70.068,67.16
29.56,34.039,70.066,67.16
29.56,34.039,70.066,67.159
29.56,34.039,70.066,67.159
29.56,34.039,70.066,67.16
29.394,33.407,71.004,67.435
29.438,33.444,70.972,67.409
29.438,33.444,70.972,67.409
29.438,33.444,70.972,67.409
29.412,33.421,70.996,67.427
29.431,33.421,71.022,67.433
29.418,33.41,71.034,67.443
29.486,33.429,70.97,67.353
29.479,33.43,70.98,67.369
29.479,33.431,70.979,67.369
29.479,33.431,70.979,67.369
29.479,33.431,70.979,67.368
29.479,33.431,70.979,67.368
29.48,33.431,70.979,67.368
29.48,33.431,70.979,67.368
29.48,33.431,70.979,67.368
29.47,33.423,70.981,67.369
29.469,33.422,70.981,67.37
29.532,33.361,71.146,67.393
29.528,33.358,71.151,67.397
29.528,33.358,71.151,67.397
29.537,33.365,71.142,67.388
29.533,33.362,71.146,67.392
29.533,33.362,71.146,67.392
29.533,33.362,71.146,67.392
29.533,33.362,71.146,67.392
29.533,33.362,71.146,67.392
29.533,33.362,71.146,67.393
29.533,33.362,71.146,67.393
29.562,33.395,71.108,67.37
29.562,33.395,71.108,67.37
29.575,33.402,71.105,67.364
29.575,33.402,71.105,67.364
29.575,33.402,71.104,67.364
29.575,33.401,71.105,67.364
29.575,33.401,71.105,67.364
29.574,33.401,71.105,67.364
52,119,82.6,144
53.629,118.86,84.762,144.29
53.98,118.62,87.053,145.65
53.98,118.62,87.053,145.65
54.774,118.04,89.44,146.38
55.619,117.68,91.475,147
56.64,117.23,93.314,147.23
56.64,117.23,93.314,147.23
58.229,116.93,95.663,147.55
59.342,117.25,97.39,148.38
60.973,117.21,99.856,149.04
62.741,117.12,102.06,149.32
62.741,117.12,102.06,149.32
64.567,117.04,104.26,149.54
67.131,117.42,106.37,149.56
68.674,117.35,108.16,149.71
70.86,117.01,110.62,149.62
70.895,117.26,110.47,149.71
72.749,116.9,112.66,149.62
74.987,117,114.71,149.58
77.299,117.31,116.93,149.82
80.028,117.43,119.66,149.94
80.271,117.57,119.74,149.96
82.575,117.7,122.87,150.76
84.579,117.33,125.36,150.79
86.027,116.8,128.12,151.34
86.027,116.8,128.12,151.34
86.763,116.2,130.31,151.95
88.124,115.71,132.36,152.02
89.466,115.58,133.7,151.89
91.447,115.71,134.48,151.03
91.447,115.71,134.48,151.03
92.886,115.48,136.17,151.01
94.74,115.11,137.55,150.25
95.745,114.36,139.41,150.19
95.745,114.36,139.41,150.19
96.983,113.95,140.86,149.97
98.08,113.18,142.77,149.87
99.228,112.54,144.08,149.36
99.228,112.54,144.08,149.36
99.392,111.27,145.25,149.01
100.41,110.82,146.27,148.58
101.46,110.32,147.32,148.08
103.07,109.84,148.58,147.38
104.96,109.04,150.1,146.26
104.96,109.04,150.1,146.26
106.71,108.78,151.18,145.46
108.34,108.16,152.95,144.96
110.3,107.85,155.09,144.78
110.3,107.85,155.09,144.78
112.23,107.69,157.21,144.79
113.69,107.12,159.73,145.1
114.56,106.39,161.67,145.31
116.41,105.56,164.54,145.37
116.81,105.67,164.65,145.28
118.68,105.73,166.14,145.01
119.48,105.03,167.5,144.78
120.37,105.21,168.27,144.88
121.6,105.06,169.28,144.57
122.48,104.93,170.2,144.48
122.9,104.39,170.97,144.24
122.9,104.39,170.97,144.24
123.42,104.04,171.91,144.24
124.76,103.73,172.91,143.64
125.81,102.89,173.61,142.52
126.07,102.32,174.01,142.08
126.63,101.91,174.81,141.87
126.63,101.91,174.81,141.87
126.51,101.79,174.56,141.65
126.65,101.35,174.93,141.4
127.18,100.94,175.59,141.1
126.99,100.34,176.67,141.55
126.99,100.34,176.67,141.55
127.05,99.998,177.49,141.85
127.49,99.809,178.27,141.94
128.07,99.515,179.31,142.03
128.08,99.486,179.36,142.03
128.06,99.408,179.46,142.05
128.06,99.408,179.46,142.05
128.02,99.301,179.63,142.13
127.73,98.939,180.03,142.33
127.67,98.878,180.09,142.37
127.66,98.861,180.11,142.38
127.67,98.855,180.12,142.38
127.65,98.844,180.14,142.39
127.65,98.844,180.14,142.39
127.75,98.863,180.18,142.37
127.72,98.855,180.2,142.4
127.7,98.817,180.23,142.41
127.7,98.817,180.23,142.41
127.7,98.827,180.22,142.41
127.71,98.823,180.23,142.41
127.7,98.82,180.23,142.41
127.96,98.893,180.21,142.25
127.96,98.892,180.21,142.25
127.93,98.87,180.24,142.27
127.93,98.87,180.24,142.27
127.96,98.887,180.21,142.24
127.96,98.883,180.21,142.24
127.89,98.816,180.28,142.28
127.86,98.752,180.35,142.31
127.86,98.752,180.35,142.31
127.87,98.759,180.36,142.32
127.85,98.746,180.37,142.33
127.85,98.749,180.36,142.33
127.84,98.743,180.37,142.33
127.84,98.743,180.37,142.33
127.84,98.742,180.37,142.33
127.85,98.745,180.37,142.33
127.85,98.751,180.36,142.33
127.85,98.749,180.37,142.33
127.85,98.749,180.37,142.33
127.84,98.752,180.37,142.34
127.85,98.755,180.37,142.34
127.85,98.763,180.36,142.33
127.85,98.767,180.35,142.33
127.85,98.767,180.35,142.33
127.84,98.76,180.36,142.34
127.84,98.76,180.36,142.34
127.84,98.759,180.36,142.34
127.84,98.763,180.35,142.33
127.87,98.77,180.36,142.33
127.87,98.77,180.36,142.33
127.86,98.764,180.36,142.33
127.86,98.767,180.36,142.33
127.86,98.767,180.36,142.33
127.86,98.766,180.36,142.33
127.86,98.755,180.38,142.33
127.86,98.757,180.37,142.34
127.85,98.755,180.38,142.34
127.85,98.743,180.4,142.35
127.85,98.743,180.4,142.35
127.85,98.746,180.4,142.35
127.85,98.744,180.4,142.35
127.85,98.741,180.4,142.35
127.85,98.741,180.4,142.35
127.85,98.741,180.4,142.35
127.85,98.741,180.4,142.35
127.85,98.742,180.4,142.35
127.85,98.742,180.4,142.35
127.85,98.742,180.4,142.35
127.85,98.742,180.4,142.35
127.85,98.742,180.4,142.35
127.85,98.741,180.4,142.35
127.87,98.722,180.45,142.35
127.87,98.72,180.45,142.35
127.87,98.723,180.44,142.35
127.88,98.74,180.38,142.3
127.86,98.731,180.39,142.31
127.86,98.731,180.39,142.31
127.87,98.735,180.38,142.31
127.87,98.735,180.38,142.31
127.86,98.733,180.38,142.31
127.86,98.733,180.38,142.31
127.86,98.732,180.39,142.31
127.86,98.731,180.39,142.31
127.85,98.724,180.4,142.32
127.85,98.729,180.38,142.32
127.85,98.729,180.38,142.32
127.85,98.729,180.38,142.32
127.85,98.727,180.38,142.32
127.86,98.734,180.38,142.31
127.86,98.733,180.38,142.31
127.86,98.733,180.38,142.31
127.86,98.732,180.38,142.31
127.86,98.733,180.38,142.31
127.86,98.733,180.38,142.31
127.86,98.733,180.38,142.31
127.86,98.73,180.38,142.31
127.86,98.735,180.38,142.31
127.86,98.734,180.38,142.31
127.86,98.734,180.38,142.31
127.86,98.732,180.38,142.31
127.86,98.73,180.39,142.32
127.86,98.731,180.39,142.32
127.86,98.731,180.39,142.32
127.86,98.732,180.39,142.32
127.86,98.732,180.38,142.31
127.86,98.732,180.39,142.31
127.86,98.732,180.39,142.31
127.86,98.73,180.39,142.31
127.86,98.73,180.38,142.31
127.86,98.73,180.38,142.31
127.86,98.73,180.38,142.31
127.86,98.732,180.38,142.31
127.86,98.73,180.39,142.31
127.86,98.73,180.39,142.31
127.86,98.73,180.39,142.31
127.86,98.73,180.38,142.31
127.86,98.743,180.37,142.32
127.86,98.742,180.37,142.32
127.86,98.742,180.37,142.32
127.86,98.742,180.37,142.31
127.87,98.748,180.37,142.31
127.86,98.743,180.37,142.31
127.86,98.759,180.35,142.32
127.86,98.759,180.35,142.32
127.87,98.759,180.35,142.31
127.86,98.762,180.36,142.32
127.86,98.762,180.36,142.32
127.87,98.764,180.36,142.32
127.84,98.749,180.36,142.33
127.84,98.749,180.36,142.33
127.84,98.748,180.35,142.33
127.84,98.752,180.36,142.33
127.84,98.751,180.36,142.33
127.84,98.751,180.36,142.33
127.84,98.754,180.35,142.33
127.84,98.754,180.35,142.33
127.84,98.755,180.35,142.33
127.85,98.759,180.35,142.33
127.85,98.759,180.35,142.33
127.84,98.758,180.35,142.33
127.84,98.753,180.36,142.34
127.84,98.754,180.36,142.34
127.83,98.755,180.36,142.34
127.83,98.755,180.36,142.34
127.83,98.755,180.36,142.34
127.83,98.753,180.36,142.34
127.83,98.753,180.36,142.34
127.83,98.753,180.36,142.34
127.83,98.752,180.36,142.34
127.78,98.719,180.33,142.32
110,51,132,69
109.69,50.385,131.35,68.107
109.77,50.289,131.51,68.08
109.34,50.378,130.96,68.061
108.33,49.928,130.33,67.925
106.94,49.421,128.91,67.394
106.94,49.421,128.91,67.394
105.93,49.158,128.15,67.335
104.5,48.655,127.73,67.667
102.7,47.585,127.75,68.102
101.22,47.688,126.3,68.226
99.727,47.596,124.93,68.239
99.727,47.596,124.93,68.239
98.336,47.685,123.36,68.18
97.063,47.818,121.75,68.039
95.877,47.378,120.87,67.854
94.873,47.014,120.39,67.92
94.873,47.014,120.39,67.92
94.129,47.123,119.36,67.789
93.321,46.804,118.12,67.114
92.741,46.79,117.52,67.083
92.229,46.814,116.82,66.953
91.417,46.506,116.51,67.058
90.711,46.046,116.22,66.948
90.711,46.046,116.22,66.948
89.829,45.402,115.95,66.807
89.408,45.067,115.46,66.415
88.523,45.066,114.52,66.372
87.536,44.623,113.45,65.859
86.035,44.035,112.16,65.446
84.624,43.253,111.89,65.606
83.432,43.026,111.2,65.793
83.432,43.026,111.2,65.793
81.779,42.816,109.99,65.944
80.226,42.672,108.71,66.03
78.953,42.016,107.94,65.787
77.366,41.817,106.74,65.91
77.366,41.817,106.74,65.91
76.189,41.319,105.8,65.608
74.999,41.174,104.87,65.676
74.178,40.888,103.58,65.002
73.172,40.335,102.71,64.56
73.172,40.335,102.71,64.56
71.915,39.815,101.96,64.465
70.785,39.331,101.4,64.444
70.315,39.055,100.7,63.978
69.456,38.775,99.485,63.408
69.456,38.775,99.485,63.408
68.942,38.427,99.111,63.176
68.162,38.244,98.516,63.145
67.003,37.912,98.177,63.491
66.002,37.437,97.184,63.023
66.002,37.437,97.184,63.023
64.952,37.475,95.516,62.55
63.97,37.398,94.58,62.511
62.886,37.475,93.373,62.486
61.4,37.217,92.38,62.634
60.362,37.322,90.701,62.21
60.362,37.322,90.701,62.21
59.158,37.064,90.249,62.574
57.133,36.527,89.52,63.107
55.558,36.273,88.429,63.254
54.577,36.041,87.964,63.447
54.577,36.041,87.964,63.447
53.429,35.853,87.268,63.633
52.357,35.211,86.426,63.181
51.24,35.085,85.601,63.296
50.329,35.22,84.07,62.919
49.261,35.18,83.096,62.958
49.261,35.18,83.096,62.958
47.911,34.77,82.484,63.157
46.9,34.787,81.347,63.069
45.903,34.302,81.393,63.446
45.903,34.302,81.393,63.446
44.567,33.894,80.788,63.642
44.135,34.044,79.979,63.481
42.887,34.17,78.477,63.396
42.887,34.17,78.477,63.396
41.115,33.787,77.624,63.773
39.69,33.529,76.354,63.642
38.04,33.383,75.163,63.877
36.511,32.899,74.719,64.288
38.5,35,63,55
38.5,35,63,55
36.914,35.202,61.148,54.983
35.365,35.247,59.519,54.962
33.712,35.36,57.963,55.156
32.02,35.255,56.595,55.317
30.393,35.198,55.006,55.292
30.393,35.198,55.006,55.292
29.216,34.812,54.249,55.25
27.973,34.52,53.231,55.144
27.137,34.602,52.161,55.033
26.675,34.602,51.763,55.086
26.675,34.602,51.763,55.086
26.462,34.289,51.855,55.024
26.011,34.38,52.019,55.607
25.365,34.016,52.961,56.55
25.406,34.964,51.64,56.377
25.222,35.065,51.365,56.402
25.222,35.065,51.365,56.402
25.008,35.307,50.618,56.206
24.948,35.511,50.079,56.017
24.878,35.81,50.09,56.383
24.875,35.867,49.861,56.252
25.169,36.082,49.559,55.977
25.169,36.082,49.559,55.977
25.476,36.646,49.205,55.998
25.959,37.659,48.171,55.763
26.213,38.065,48.183,55.987
26.41,38.049,48.387,55.99
27.104,39.13,47.64,55.883
27.219,40.704,47.633,57.356
26.987,41.293,47.025,57.636
26.983,42.025,46.511,57.947
26.983,42.025,46.511,57.947
27.11,42.169,46.368,57.869
27.246,42.757,46.196,58.203
27.266,43.319,45.958,58.552
27.502,44.087,45.931,59.103
27.502,44.087,45.931,59.103
27.468,44.625,45.871,59.62
27.651,44.96,45.742,59.697
27.724,45.067,45.722,59.728
27.723,45.444,45.599,60.005
27.723,45.444,45.599,60.005
27.795,45.547,45.451,59.925
27.985,46.127,45.411,60.316
28.39,46.531,45.618,60.557
28.365,46.586,45.608,60.624
28.365,46.586,45.608,60.624
28.639,47.196,46.032,61.358
29.188,47.69,46.546,61.823
29.121,47.646,46.567,61.852
29.704,47.555,47.134,61.748
29.704,47.555,47.134,61.748
29.912,48.208,47,62.119
30.54,48.864,47.239,62.454
31.172,49.462,47.373,62.641
32.189,49.841,48.145,62.819
33.039,50.222,48.692,62.95
33.039,50.222,48.692,62.95
34.046,50.98,48.996,63.128
34.743,51.715,49.515,63.717
35.608,52.607,50.206,64.465
36.429,53.182,51.064,65.071
36.429,53.182,51.064,65.071
36.901,53.635,51.12,65.18
37.554,53.801,51.702,65.289
37.788,53.945,51.571,65.131
37.788,53.945,51.571,65.131
37.938,53.794,52.496,65.619
38.514,54.303,52.987,66.058
38.66,54.488,53.068,66.189
39.062,54.492,53.568,66.274
39.704,54.947,53.985,66.544
40.226,55.357,54.468,66.922
41.396,56.099,54.865,67.026
41.396,56.099,54.865,67.026
42.647,56.703,55.573,67.183
43.391,56.589,56.68,67.368
44.104,56.659,57.08,67.179
45.031,56.67,58.15,67.309
45.641,57.015,58.861,67.737
46.632,57.5,59.798,68.178
47.463,57.489,61.069,68.53
47.842,57.793,61.751,69.084
47.842,57.793,61.751,69.084
48.733,58.022,62.582,69.262
49.548,58.829,63.137,69.856
50.308,59.497,64.242,70.808
50.308,59.497,64.242,70.808
51.049,60.129,64.852,71.332
51.614,60.184,65.196,71.205
52.184,60.136,65.851,71.226
52.745,59.791,66.943,71.319
52.745,59.791,66.943,71.319
40,59,62,77
41.186,59.024,63.268,77.091
42.099,59.335,64.236,77.448
42.075,59.251,64.177,77.336
42.95,59.357,65.343,77.682
44.083,59.903,66.259,78.048
45.523,60.348,67.817,78.591
46.44,60.011,69.594,78.965
46.44,60.011,69.594,78.965
47.529,59.964,71.031,79.205
48.484,59.925,72.08,79.243
49.239,59.773,73.255,79.439
49.805,59.776,74.501,80.003
49.805,59.776,74.501,80.003
50.719,59.742,76.346,80.738
51.638,59.98,77.599,81.252
52.786,60.397,78.877,81.744
53.299,60.379,80.123,82.307
54.37,60.835,81.111,82.694
55.129,61.319,82.288,83.505
56.105,61.882,83.183,83.978
56.063,61.929,83.11,83.987
56.976,62.01,84.028,84.066
57.562,61.946,84.817,84.167
58.914,61.937,86.135,84.128
59.987,62.298,87.047,84.355
59.99,62.224,87.035,84.266
60.919,62.599,88.077,84.733
61.902,62.437,89.115,84.616
63.593,63.073,90.159,84.719
64.765,63.267,91.002,84.644
64.765,63.267,91.002,84.644
66.585,63.855,92.201,84.721
68.125,63.898,93.619,84.665
69.253,63.82,95.455,85.167
69.19,63.865,95.591,85.375
70.678,63.958,97.191,85.56
71.953,64.365,97.971,85.56
73.255,64.723,99.745,86.304
73.191,64.542,99.809,86.228
73.906,64.106,101.92,86.937
75.72,64.31,103.17,86.677
77.189,64.03,104.94,86.649
77.392,64.022,104.96,86.487
79.508,64.502,106.37,86.393
80.868,64.903,107.94,86.96
82.087,65.115,109.32,87.304
82.087,65.115,109.32,87.304
83.275,65.634,110.33,87.679
84.351,65.675,111.57,87.856
85.245,65.637,112.61,87.936
85.184,65.728,112.46,87.952
86.794,65.872,113.81,87.886
87.793,65.878,114.95,88.01
88.69,65.719,116.48,88.366
88.767,65.789,116.36,88.274
90.146,65.877,117.73,88.355
91.484,65.891,119,88.313
93.312,66.119,120.47,88.253
94.871,66.105,121.92,88.142
96.272,66.081,123.28,88.091
96.204,66.061,123.21,88.068
98.013,66.033,125.09,88.095
99.613,66.082,126.51,87.995
100.85,66.045,127.86,88.054
102.59,66.038,129.78,88.19
104.21,66.216,131.44,88.407
104.21,66.216,131.44,88.407
105.86,66.4,132.97,88.49
107.84,66.82,134.55,88.586
109.39,66.858,136.13,88.647
109.39,66.858,136.13,88.647
110.37,66.887,137.77,89.221
112.2,67.254,138.89,88.996
112.96,67.053,140.08,89.156
112.96,67.053,140.08,89.156
114.02,67.043,141.05,89.068
115.8,67.213,142.27,88.778
117.02,67.304,143.15,88.588
118.11,67.326,144.1,88.496
119.12,66.841,145.91,88.666
119.09,66.631,145.93,88.5
119.43,66.21,146.74,88.46
120.2,65.945,148.11,88.698
121.91,66.124,149.27,88.417
122.96,66.091,150.17,88.266
122.97,66.054,150.1,88.16
124.32,66.019,151.51,88.176
126.03,66.005,152.91,87.902
127.04,65.986,154,87.945
126.78,65.989,153.75,87.959
128.21,65.74,155.67,88.121
129.98,65.603,157.8,88.27
131.98,65.764,159.76,88.403
133.28,65.92,160.96,88.476
134.75,65.801,162.63,88.525
136.11,65.854,164.1,88.67
136.11,65.854,164.1,88.67
138.35,66.506,164.89,88.134
139.21,66.139,166.65,88.498
140.05,66.09,167.55,88.501
140.03,66.068,167.41,88.376
141.68,66.18,168.59,88.109
142.58,66.095,169.97,88.417
143.28,65.814,171.21,88.579
143.28,65.814,171.21,88.579
143.78,65.475,172.7,89.049
144.32,65.424,174.19,89.78
145.53,65.323,175.82,90.025
146.25,65.09,177.01,90.18
147.56,64.886,178.15,89.829
147.56,64.886,178.15,89.829
147.74,64.906,178.26,89.791
147.8,64.891,178.25,89.728
152.36,67.714,180.79,90.929
154.16,68.248,181.61,90.645
154.12,68.436,181.46,90.734
155.47,68.532,183.02,91.003
156.16,68.565,183.94,91.215
156.19,68.472,184.29,91.393
156.4,68.621,184.26,91.34
156.4,68.621,184.26,91.34
156.89,68.767,184.38,91.184
157.21,68.959,184.2,90.957
157.54,69.223,183.86,90.679
157.58,69.335,183.92,90.809
157.74,69.442,183.72,90.611
157.74,69.442,183.72,90.611
157.9,69.415,183.82,90.54
157.8,69.36,183.91,90.639
174.4,71.8,201.6,94
174.4,71.8,201.6,94
176.78,71.53,204.14,93.857
176.83,71.398,204.11,93.643
177.79,71.347,205.21,93.717
179.11,71.237,206.56,93.617
180.37,71.193,207.6,93.395
181.33,71.087,208.54,93.271
181.25,71.065,208.41,93.204
183.08,71.099,210.08,93.105
184.56,71.199,211.25,92.946
186.39,71.23,212.91,92.832
187.84,71.13,214.55,92.889
188.86,71.031,215.93,93.092
188.64,71.023,215.7,93.069
190.46,71.039,217.82,93.335
192.59,71.105,219.79,93.266
194.43,71.218,221.88,93.588
196.64,71.668,224.27,94.188
198.47,71.494,226.65,94.467
187,71,226,103
187,71,226,103
188.04,70.642,227.56,103.08
189,70.541,228.66,103.09
190.09,69.919,230.15,102.79
190.09,69.919,230.15,102.79
190.49,69.572,230.98,102.8
190.61,69.374,231.43,102.88
191.04,69.218,232.11,102.92
191.2,69.126,232.32,102.88
191.2,69.126,232.32,102.88
191.84,69.091,232.95,102.83
191.71,68.898,233.23,102.97
192.2,68.862,233.68,102.91
192.45,68.84,234.04,102.97
192.68,68.812,234.33,102.99
192.68,68.812,234.33,102.99
193.35,68.884,234.7,102.82
193.67,68.951,234.86,102.76
194.1,68.957,235.25,102.73
194.08,68.812,235.54,102.84
194.35,68.691,236.12,102.98
194.86,68.65,236.76,103.04
194.86,68.65,236.76,103.04
195.23,68.566,237.21,103.03
195.22,68.522,237.3,103.06
195.2,68.475,237.38,103.1
195.34,68.537,237.41,103.07
195.34,68.518,237.46,103.09
195.34,68.518,237.46,103.09
195.35,68.463,237.71,103.24
195.33,68.456,237.72,103.25
195.33,68.446,237.74,103.26
195.32,68.415,237.8,103.28
195.33,68.412,237.81,103.28
195.33,68.412,237.81,103.28
195.32,68.413,237.79,103.27
195.28,68.386,237.8,103.29
195.3,68.391,237.8,103.28
195.3,68.391,237.8,103.28
195.27,68.377,237.8,103.29
195.28,68.363,237.81,103.28
195.3,68.373,237.81,103.27
195.3,68.374,237.81,103.27
195.29,68.365,237.82,103.28
195.29,68.365,237.82,103.28
195.28,68.359,237.82,103.28
195.3,68.367,237.83,103.28
195.28,68.361,237.83,103.28
195.29,68.367,237.82,103.28
195.29,68.368,237.82,103.28
195.29,68.368,237.82,103.28
195.3,68.376,237.82,103.28
195.3,68.371,237.83,103.28
195.29,68.375,237.82,103.29
195.29,68.374,237.83,103.29
195.28,68.369,237.85,103.31
195.28,68.369,237.85,103.31
195.27,68.372,237.84,103.32
195.28,68.371,237.84,103.31
195.27,68.363,237.85,103.32
195.27,68.362,237.85,103.31
195.36,68.613,237.69,103.36
195.36,68.618,237.68,103.36
195.36,68.618,237.68,103.36
195.35,68.613,237.68,103.36
195.36,68.611,237.69,103.36
195.36,68.61,237.69,103.36
195.34,68.598,237.7,103.37
195.34,68.598,237.7,103.37
195.34,68.597,237.71,103.37
195.34,68.596,237.71,103.37
195.35,68.606,237.7,103.36
195.35,68.606,237.7,103.37
195.35,68.606,237.7,103.37
195.36,68.615,237.7,103.37
195.36,68.614,237.7,103.37
195.36,68.603,237.72,103.38
195.36,68.606,237.72,103.38
195.37,68.603,237.74,103.38
195.37,68.597,237.74,103.38
195.37,68.597,237.74,103.38
195.37,68.607,237.74,103.38
195.37,68.607,237.73,103.38
195.38,68.609,237.72,103.37
195.38,68.609,237.72,103.37
195.38,68.611,237.72,103.37
195.39,68.611,237.72,103.37
195.39,68.612,237.72,103.36
195.39,68.616,237.72,103.36
195.39,68.616,237.72,103.36
195.38,68.613,237.72,103.37
195.38,68.607,237.73,103.37
195.37,68.605,237.73,103.37
195.37,68.605,237.73,103.37
195.39,68.617,237.72,103.36
195.39,68.617,237.71,103.36
195.39,68.618,237.71,103.36
195.39,68.617,237.71,103.36
195.39,68.621,237.71,103.36
195.38,68.62,237.71,103.36
195.38,68.62,237.71,103.36
195.4,68.626,237.71,103.35
195.4,68.626,237.71,103.35
195.39,68.61,237.73,103.37
195.38,68.611,237.73,103.37
195.38,68.611,237.73,103.37
195.39,68.612,237.73,103.37
195.36,68.581,237.75,103.38
195.36,68.581,237.75,103.38
195.36,68.582,237.75,103.38
195.36,68.581,237.75,103.38
195.36,68.582,237.75,103.38
195.36,68.581,237.75,103.38
195.36,68.581,237.75,103.38
195.36,68.581,237.75,103.38
195.36,68.581,237.75,103.38
195.36,68.581,237.75,103.38
195.35,68.583,237.75,103.38
195.35,68.582,237.75,103.38
195.36,68.582,237.75,103.38
195.36,68.582,237.75,103.38
195.36,68.586,237.74,103.38
195.36,68.586,237.74,103.37
195.36,68.586,237.74,103.37
195.36,68.588,237.74,103.37
195.36,68.588,237.74,103.37
195.36,68.588,237.74,103.37
195.35,68.583,237.73,103.37
195.35,68.584,237.73,103.37
195.36,68.586,237.73,103.37
195.36,68.584,237.73,103.37
195.36,68.584,237.73,103.37
195.35,68.58,237.74,103.37
195.36,68.585,237.73,103.37
195.36,68.581,237.74,103.37
195.36,68.58,237.74,103.37
195.36,68.58,237.74,103.37
195.36,68.58,237.74,103.37
195.35,68.581,237.74,103.37
195.35,68.579,237.74,103.37
195.34,68.577,237.73,103.37
195.34,68.577,237.73,103.37
195.35,68.581,237.74,103.37
195.35,68.579,237.74,103.37
195.36,68.589,237.72,103.36
195.36,68.586,237.72,103.36
195.36,68.586,237.72,103.36
195.35,68.581,237.73,103.37
195.35,68.579,237.73,103.37
195.35,68.578,237.74,103.37
195.35,68.577,237.74,103.37
195.35,68.577,237.74,103.37
195.33,68.563,237.75,103.38
195.34,68.564,237.75,103.38
195.33,68.556,237.76,103.39
195.33,68.558,237.76,103.39
195.33,68.558,237.76,103.39
195.33,68.561,237.75,103.38
195.33,68.559,237.75,103.39
195.32,68.556,237.76,103.39
195.32,68.556,237.76,103.39
195.32,68.555,237.76,103.39
195.32,68.554,237.76,103.39
195.3,68.544,237.76,103.4
195.3,68.552,237.75,103.39
195.3,68.552,237.75,103.39
195.3,68.55,237.75,103.39
195.3,68.552,237.74,103.39
195.31,68.554,237.73,103.38
195.3,68.555,237.74,103.39
195.3,68.555,237.74,103.39
195.31,68.556,237.73,103.38
195.31,68.562,237.73,103.38
195.32,68.561,237.73,103.38
195.31,68.56,237.74,103.39
195.31,68.56,237.74,103.39
195.31,68.556,237.74,103.38
195.32,68.56,237.74,103.38
195.32,68.56,237.74,103.38
195.33,68.571,237.73,103.37
195.34,68.572,237.73,103.36
195.34,68.572,237.73,103.36
195.35,68.57,237.74,103.37
195.34,68.573,237.73,103.37
195.34,68.573,237.73,103.37
195.35,68.578,237.74,103.37
195.35,68.578,237.74,103.37
195.34,68.568,237.74,103.37
195.35,68.569,237.74,103.36
195.35,68.569,237.74,103.37
195.35,68.569,237.74,103.37
195.27,68.475,237.93,103.5
195.27,68.474,237.94,103.5
195.27,68.473,237.94,103.5
195.26,68.473,237.94,103.5
195.26,68.473,237.94,103.5
195.27,68.476,237.93,103.5
195.27,68.475,237.93,103.5
195.26,68.474,237.93,103.5
195.27,68.473,237.95,103.51
195.27,68.473,237.95,103.51
195.27,68.476,237.94,103.5
195.27,68.472,237.95,103.51
195.27,68.472,237.95,103.51
195.27,68.472,237.95,103.51
195.27,68.472,237.95,103.51
195.27,68.474,237.95,103.51
195.27,68.474,237.95,103.51
195.27,68.474,237.95,103.51
195.27,68.474,237.95,103.51
195.27,68.472,237.95,103.51
195.27,68.473,237.95,103.51
195.26,68.474,237.95,103.52
195.27,68.476,237.95,103.51
195.26,68.46,237.97,103.53
195.26,68.46,237.97,103.52
195.26,68.46,237.97,103.52
195.28,68.466,237.97,103.51
195.29,68.471,237.97,103.51
195.29,68.474,237.96,103.5
195.29,68.474,237.96,103.5
195.3,68.48,237.96,103.5
195.3,68.478,237.97,103.5
195.29,68.471,237.97,103.51
195.3,68.478,237.97,103.51
195.3,68.478,237.97,103.51
195.3,68.483,237.96,103.51
195.29,68.473,237.97,103.51
195.29,68.473,237.98,103.51
195.29,68.473,237.98,103.51
195.28,68.47,237.98,103.52
195.28,68.47,237.98,103.52
195.28,68.471,237.97,103.52
195.28,68.476,237.97,103.52
195.26,68.459,237.98,103.53
195.27,68.464,237.98,103.52
195.27,68.464,237.98,103.52
195.26,68.463,237.97,103.52
195.27,68.468,237.96,103.52
195.25,68.467,237.96,103.52
195.26,68.463,237.96,103.52
195.26,68.464,237.96,103.52
195.26,68.464,237.96,103.52
195.25,68.461,237.96,103.52
195.25,68.458,237.97,103.53
195.26,68.466,237.96,103.52
195.26,68.463,237.97,103.53
195.26,68.463,237.97,103.53
195.25,68.463,237.94,103.51
195.25,68.463,237.94,103.51
195.26,68.467,237.94,103.5
195.25,68.461,237.94,103.51
195.25,68.461,237.94,103.51
195.26,68.474,237.92,103.5
195.26,68.477,237.92,103.5
193.37,68.539,235.86,103.42
191.52,68.183,233.87,102.94
191.52,68.183,233.87,102.94
189.88,68.193,232.19,102.92
188.43,68.273,230.53,102.83
186.47,68.268,228.52,102.78
183.97,68.306,225.9,102.73
181.1,67.944,222.81,102.18
178.51,67.861,220.37,102.22
178.51,67.861,220.37,102.22
175.84,67.791,217.91,102.33
173.3,67.522,214.99,101.74
170.8,67.558,212.41,101.72
170.8,67.558,212.41,101.72
167.97,67.488,209.72,101.76
165.95,68.938,207.82,103.31
164.14,71.051,205.7,105.17
162.51,73.142,204.18,107.35
162.48,75.646,204.2,109.89
162.58,77.772,204.07,111.82
162.58,80.277,204.1,114.36
162.58,80.277,204.1,114.36
162.6,82.731,204.03,116.74
162.58,85.146,204.12,119.25
162.05,87.647,203.62,121.77
160.42,89.783,201.7,123.66
158.48,92.235,199.81,126.16
158.48,92.235,199.81,126.16
156.54,94.261,197.77,128.1
154.55,96.772,195.75,130.58
151.86,98.821,193.1,132.67
148.81,101.29,190.16,135.23
148.81,101.29,190.16,135.23
143.68,103.17,186.36,138.21
138.6,104.16,182.54,140.24
133.51,105.37,179.48,143.12
127.74,107.18,176.05,146.85
127.74,107.18,176.05,146.85
120.99,109.1,171.48,150.58
112.39,110.9,166.92,155.71
101.85,112.36,161.32,161.24
91.805,115.11,155.01,167.08
83.54,117.41,151.22,173.07
83.54,117.41,151.22,173.07
74.978,120.31,146.54,179.17
67.518,120.68,144,183.61
61.554,121.2,142.87,188.11
55.647,121.94,141.37,192.48
55.647,121.94,141.37,192.48
50.608,122.51,141.33,197.18
45.946,123.22,141.6,201.96
41.326,123.27,141.84,206.03
41.326,123.27,141.84,206.03
39.357,123.38,141.83,207.75
39.353,123.38,141.83,207.75
39.374,122.39,141.84,206.75
39.299,121.24,141.94,205.74
39.299,121.24,141.94,205.74
39.273,120.21,141.86,204.66
39.256,119.11,141.92,203.64
39.338,117.76,141.86,202.17
39.317,116.76,141.89,201.2
39.299,115.29,141.91,199.77
39.299,115.29,141.91,199.77
39.309,114.26,141.91,198.73
39.372,112.94,142.25,197.64
39.352,111.93,142.25,196.65
39.352,111.93,142.25,196.65
39.331,110.92,142.27,195.67
39.336,109.92,142.28,194.67
39.344,108.92,142.27,193.66
39.314,107.46,142.29,192.24
39.314,107.46,142.29,192.24
39.342,106.47,142.27,191.22
39.319,105.44,142.3,190.22
39.303,103.96,142.32,188.78
39.236,102.87,142.39,187.8
39.236,102.87,142.39,187.8
39.29,101.5,142.34,186.34
39.26,100.44,142.4,185.35
39.2,98.94,142.45,183.94
39.2,98.94,142.45,183.94
39.169,97.892,142.42,182.9
39.193,96.501,142.42,181.49
39.14,95.452,142.46,180.51
39.14,95.452,142.46,180.51
39.133,94.445,142.48,179.53
39.128,94.43,142.48,179.52
39.127,94.43,142.48,179.52
39.126,94.427,142.48,179.52
39.126,94.427,142.48,179.52
39.126,94.427,142.48,179.52
39.139,94.433,142.47,179.51
39.135,94.431,142.48,179.51
39.136,94.431,142.48,179.51
39.133,94.429,142.48,179.51
39.133,94.43,142.48,179.51
39.133,94.43,142.48,179.51
39.134,94.43,142.48,179.51
39.133,94.43,142.48,179.51
39.134,94.431,142.48,179.51
39.136,94.435,142.47,179.51
39.135,94.434,142.47,179.51
39.135,94.434,142.47,179.51
39.132,94.432,142.48,179.52
39.133,94.432,142.48,179.52
39.134,94.432,142.48,179.52
39.133,94.432,142.48,179.52
39.133,94.432,142.48,179.52
39.133,94.431,142.48,179.52
39.133,94.432,142.48,179.52
39.131,94.429,142.48,179.52
39.131,94.429,142.48,179.52
39.134,94.431,142.48,179.51
39.134,94.431,142.48,179.51
39.133,94.43,142.48,179.51
39.134,94.431,142.48,179.51
39.125,94.43,142.47,179.51
39.131,94.433,142.47,179.51
39.131,94.433,142.47,179.51
70,122,117,161
65.522,124.17,114,164.39
62.337,123.96,113.65,166.56
62.337,123.96,113.65,166.56
48,122,117,178
44.457,121.64,114.48,178.47
44.457,121.64,114.48,178.47
39.979,121.52,110.14,178.46
35.565,122.53,104.62,178.57
30.13,122.7,99.476,178.98
24.22,122.87,94.578,179.98
18.887,123.13,91.026,181.69
18.887,123.13,91.026,181.69
8.8571,119.57,83.857,180.71
4.2649,119.02,81.32,181.84
2,116,71,172
-1.823,115.69,69.326,173.44
-1.823,115.69,69.326,173.44
-4.4368,116.01,67.14,174.1
-7.2498,116.39,64.208,174.39
-10.25,116.43,61.942,175.03
-10.25,116.43,61.942,175.03
-13.879,116.51,58.384,175.17
-17.743,117.14,54.291,175.61
-21.568,116.92,51.306,176.07
-21.568,116.92,51.306,176.07
-25.164,116.7,48.858,176.79
-25.407,116.29,48.615,176.37
-31.226,115.12,43.164,175.51
-37.288,114.22,37.101,174.61
-37.288,114.22,37.101,174.61
-39.82,113.57,35.899,175.04
-40.118,113.51,34.602,174.16
-40.668,113.16,35.451,174.96
-40.199,112.58,38.022,176.08
-40.199,112.58,38.022,176.08
-38.268,112.49,41.18,177
-34.439,112.16,44.851,176.54
-27.253,112.18,50.655,175.43
-27.253,112.18,50.655,175.43
-18.909,112.07,57.85,174.39
-9.7713,112.27,65.564,173.43
-1.7243,112.05,73.406,173.04
-1.7243,112.05,73.406,173.04
6.3788,111.49,81.812,172.73
14.82,111.37,89.284,171.82
22.633,110.84,97.509,171.62
30.683,110.58,105.47,171.29
39.019,110.05,113.85,170.8
47.011,109.97,121.86,170.74
47.011,109.97,121.86,170.74
54.505,109.53,129.53,170.44
2,107.5,78,169.5
6.5708,106.91,81.515,168.05
10.307,105.61,85.281,166.77
10.307,105.61,85.281,166.77
14.286,104.71,88.97,165.64
18.412,104.19,93.695,165.6
21.665,103.92,97.606,165.88
25.573,103.06,102.48,165.8
30.195,102.03,107.97,165.48
30.195,102.03,107.97,165.48
33.919,100.87,113.62,165.9
37.404,99.985,118.07,165.81
41.51,99.284,122.87,165.67
45.54,98.853,127.07,165.44
44.905,98.89,126.8,165.83
49.731,98.358,132.38,165.96
54.703,97.624,137.88,165.65
59.026,97.072,142.7,165.51
64.193,96.374,148.49,165.32
64.193,96.374,148.49,165.32
71.071,95.767,156.14,165.35
76.165,94.563,162.46,165.15
81.757,94.043,168.42,164.93
81.757,94.043,168.42,164.93
86.876,93.325,174.08,164.66
82,89.667,151,145.67
86.198,88.619,155.12,144.55
90.407,87.772,159.48,143.83
90.444,87.863,159.49,143.9
94.285,87.369,164.5,144.36
97.73,87.219,168.42,144.6
102.4,87.324,173.34,144.9
103.05,87.493,173.51,144.68
106.37,86.341,177.94,144.43
107.7,84.801,182.35,145.41
110.37,83.995,187.07,146.26
110.37,83.995,187.07,146.26
115.58,83.659,192.81,146.37
120.3,82.829,198.16,146.04
124.76,82.436,202.96,145.93
124.76,82.436,202.96,145.93
129.46,81.843,207.86,145.5
133.76,79.892,214.02,145.21
138.83,78.772,220.06,145
142.37,77.775,225.13,145.33
141.77,77.831,224.6,145.5
146.71,77.351,229.64,145.15
150.49,76.837,232.95,144.26
153.06,76.719,235.62,144.25
149.49,74.964,233.49,143.68
149.49,74.964,233.49,143.68
146.32,73.972,231.51,143.67
133,76,202,132
129.61,75.483,198.55,131.43
125.44,75.05,194.14,130.8
125.44,75.05,194.14,130.8
120.8,74.35,190.02,130.53
115.77,72.708,186.08,129.78
112.35,71.177,184.07,129.39
112.35,71.177,184.07,129.39
109.98,70.615,180.71,128.02
108.14,69.781,178.35,126.76
106.75,68.798,176.03,125.03
105.91,68.379,174.11,123.73
105.79,68.93,171.76,122.46
105.78,69.141,169.74,121.03
106.07,69.715,168.52,120.38
106.07,69.715,168.52,120.38
108.48,71.71,166.13,118.47
110.61,72.804,164.1,116.17
112.55,74.231,163.25,115.33
114.1,75.096,162.56,114.36
114.1,75.096,162.56,114.36
114.86,75.98,162.33,114.45
115.24,76.778,160.93,113.8
116.26,77.895,160.21,113.5
117.1,79.228,157.8,112.18
117.1,79.228,157.8,112.18
115.84,79.353,156.15,111.99
114.31,78.816,154.64,111.47
113.22,77.637,154.55,111.11
112.2,76.995,153,110.04
108.83,76.742,148.82,109.12
108.83,76.742,148.82,109.12
104.73,76.629,145.11,109.33
100.32,76.444,140.89,109.29
97.081,76.485,137,108.81
97.081,76.485,137,108.81
92.157,76.078,132.19,108.49
85.809,75.982,125.57,108.17
79.913,76.104,118.8,107.58
74.448,75.969,112.24,106.56
74.448,75.969,112.24,106.56
69.5,75.501,105.41,104.55
63.419,75.324,98.545,103.74
56.735,75.393,91.226,103.29
56.735,75.393,91.226,103.29
49.631,75.197,84.551,103.45
42.74,74.971,77.109,102.85
40.142,75.1,73.756,102.36
40.142,75.1,73.756,102.36
38.483,75.148,71.93,102.27
37.943,74.624,71.417,101.77
37.193,74.256,70.34,101.14
36.294,73.35,69.558,100.33
35.528,73.094,68.176,99.567
34.783,72.314,67.879,99.153
34.403,71.999,67.137,98.543
34.403,71.999,67.137,98.543
34.652,71.888,67.061,98.166
34.689,71.925,67.032,98.15
34.134,71.325,66.691,97.724
34.173,70.883,66.65,97.217
34.14,70.359,66.652,96.722
33.647,69.005,66.633,95.755
33.412,68.189,66.124,94.715
33.412,68.189,66.124,94.715
32.274,66.891,66.418,94.585
31.77,66.345,65.919,94.045
30.425,65.197,66.304,94.309
30.06,65.003,66.339,94.441
29.622,64.485,66.238,94.198
29.506,64.459,65.423,93.602
29.246,63.871,65.143,92.998
29.246,63.871,65.143,92.998
28.379,63.445,64.781,92.985
27.23,62.824,63.967,92.636
26.185,62.487,63.142,92.48
25.056,61.922,62.265,92.12
25.056,61.922,62.265,92.12
25.497,62.568,61.066,91.427
25.628,63.193,59.941,91.026
26.257,63.829,59.183,90.53
22,55,61,87
22,55,61,87
21.727,55.081,60.621,86.993
21.963,55.248,60.53,86.891
21.87,55.337,60.185,86.771
21.68,55.188,60.192,86.785
21.76,55.141,60.394,86.839
21.405,55.097,60.176,86.907
21.641,55.122,60.271,86.817
22.175,55.477,60.047,86.547
22.131,55.358,60.285,86.66
21.663,55.554,59.594,86.672
21.571,55.944,59.636,87.173
21.135,56.386,59.083,87.519
21.506,56.951,58.131,86.992
21.506,56.951,58.131,86.992
21.536,57.444,57.972,87.329
20.186,57.571,57.194,87.927
20.276,57.656,57.119,87.877
20.276,57.656,57.119,87.877
19.606,57.44,57.02,88.132
19.081,57.816,56.372,88.407
18.925,58.234,55.558,88.282
18.925,58.234,55.558,88.282
18.301,58.652,54.965,88.725
17.736,58.983,54.78,89.369
17.722,59.374,54.762,89.757
17.9,59.827,54.623,89.949
17.9,59.827,54.623,89.949
18.481,60.485,54.742,90.225
18.839,61.231,54.453,90.438
19.18,61.425,54.539,90.421
19.117,61.515,54.562,90.582
19.117,61.515,54.562,90.582
19.408,62.026,54.608,90.891
19.608,62.162,55.141,91.302
19.972,62.615,55.335,91.614
20.204,62.804,55.138,91.449
20.204,62.804,55.138,91.449
20.433,63.085,55.111,91.519
20.389,63.172,55.154,91.678
20.368,63.122,55.303,91.768
20.353,63.094,55.317,91.763
20.274,63.018,55.428,91.846
20.274,63.018,55.428,91.846
20.298,63.003,55.5,91.87
20.242,63.004,55.419,91.85
20.266,63.021,55.433,91.858
20.265,63.038,55.452,91.893
20.265,63.038,55.452,91.893
20.281,63.061,55.425,91.88
20.364,63.142,55.298,91.787
20.345,63.111,55.378,91.838
20.345,63.111,55.378,91.838
20.344,63.129,55.395,91.872
20.35,63.156,55.446,91.935
20.614,63.127,56.4,92.476
20.396,62.893,56.969,92.89
20.399,62.902,57.043,92.958
20.399,62.902,57.043,92.958
20.312,62.832,57.119,93.023
20.297,62.81,57.161,93.047
20.261,62.785,57.264,93.137
20.182,62.395,58.324,93.687
20.182,62.395,58.324,93.687
20.135,62.375,58.338,93.717
20.018,62.241,58.703,93.981
20.022,62.242,58.701,93.978
20.054,62.245,58.731,93.979
20.08,62.313,58.592,93.911
20.006,62.244,58.669,93.966
20.006,62.244,58.669,93.966
20.038,62.295,58.726,94.037
19.746,61.992,59.11,94.292
19.751,61.992,59.117,94.294
19.776,61.96,59.129,94.251
19.807,61.961,59.106,94.208
19.807,61.961,59.106,94.208
19.806,61.968,59.108,94.217
19.807,61.962,59.109,94.211
19.801,61.96,59.117,94.22
19.806,61.965,59.109,94.215
19.794,61.955,59.122,94.226
19.794,61.956,59.122,94.226
19.794,61.956,59.122,94.226
19.796,61.96,59.116,94.224
19.789,61.951,59.13,94.232
19.787,61.948,59.133,94.234
19.787,61.948,59.133,94.234
19.789,61.949,59.132,94.232
19.778,61.949,59.127,94.237
19.747,61.926,59.174,94.279
19.764,61.928,59.17,94.263
19.764,61.928,59.17,94.263
19.766,61.932,59.164,94.26
19.767,61.931,59.166,94.26
19.769,61.932,59.165,94.259
19.753,61.92,59.181,94.273
19.753,61.92,59.181,94.273
19.764,61.925,59.179,94.267
19.764,61.925,59.179,94.268
19.764,61.925,59.179,94.267
19.765,61.929,59.171,94.264
19.772,61.932,59.169,94.26
19.772,61.933,59.169,94.26
19.772,61.933,59.169,94.26
19.772,61.933,59.169,94.26
19.77,61.933,59.168,94.261
19.77,61.931,59.169,94.261
19.77,61.931,59.169,94.261
19.77,61.931,59.169,94.261
19.766,61.929,59.169,94.262
19.766,61.925,59.182,94.268
19.765,61.929,59.173,94.265
19.765,61.929,59.173,94.265
19.764,61.928,59.174,94.266
19.764,61.928,59.174,94.266
19.753,61.922,59.179,94.273
19.726,59.901,59.14,92.242
19.726,59.901,59.14,92.242
19.7,57.84,59.234,90.281
19.748,55.923,59.164,88.266
19.48,54.261,59.028,86.713
19.48,54.261,59.028,86.713
19.535,52.313,58.985,84.684
19.451,50.241,59.122,82.795
19.148,47.945,59.294,80.89
19.138,46.049,59.222,78.943
19.138,46.049,59.222,78.943
33,103,66,130
32.246,101.18,65.992,128.79
32.262,99.782,65.977,127.37
32.262,99.782,65.977,127.37
32.178,98.242,66.042,125.95
32.836,97.745,66.194,125.04
32.863,98.272,66.196,125.55
32.814,98.451,66.217,125.78
32.814,98.451,66.217,125.78
32.824,98.473,66.267,125.84
33.009,99.105,66.021,126.12
33.241,100.15,65.701,126.7
33.181,100.11,65.775,126.78
32.567,101.18,64.833,127.58
32.567,101.18,64.833,127.58
32.285,102.38,63.937,128.27
31.485,103.13,62.742,128.7
31.284,104.33,62.096,129.53
31.284,104.33,62.096,129.53
30.603,105.5,60.969,130.33
29.906,106.42,60.79,131.68
29.935,107.67,60.593,132.74
30.666,109.27,60.746,133.87
30.858,110.57,60.952,135.17
30.998,111.51,61.561,136.5
30.998,111.51,61.561,136.5
31.977,112.15,62.477,137.09
32.299,112.89,63.013,138.01
30.206,114.25,61.242,139.63
28.542,115.82,59.415,141.07
28.542,115.82,59.415,141.07
26.462,117.24,57.432,142.57
24.934,118.72,55.924,144.07
23.971,120.41,54.752,145.58
22.581,122.05,54.153,147.88
22.581,122.05,54.153,147.88
21.646,123.57,53.091,149.29
20.761,124.68,51.979,150.21
