166 128 24 52 0
165 129.5 22 51 0
164 129.5 22 53 0
162.5 131 23 52 0
160 131.5 24 53 0
157.9899 132.0125 24.0000 52.0000 0.0000
157.0321 132.4989 26.0000 53.0000 0.0000
154.0215 132.5012 24.0000 49.0000 0.0000
151.4922 132.4971 27.0000 51.0000 0.0000
151.0226 133.5029 26.0000 47.0000 0.0000
148.4923 133.4911 27.0000 49.0000 0.0000
146.5213 132.5021 29.0000 49.0000 0.0000
146.0716 133.4893 26.0000 51.0000 0.0000
143.5096 134.0920 27.0000 48.0000 0.0000
141.0126 134.4917 28.0000 49.0000 0.0000
139.7701 134.9987 28.0000 49.0000 0.0000
137.2033 136.1145 28.0000 49.0000 0.0000
136.2968 138.2164 28.0000 49.0000 0.0000
133.7299 139.3321 28.0000 49.0000 0.0000
131.0548 140.1190 28.0000 49.0000 0.0000
128.8250 140.6178 28.0000 49.0000 0.0000
125.6286 140.6387 28.0000 49.0000 0.0000
123.0618 141.7544 28.0000 49.0000 0.0000
120.4950 142.8701 28.0000 49.0000 0.0000
117.9282 143.9859 28.0000 49.0000 0.0000
115.2530 144.7728 28.0000 49.0000 0.0000
112.0182 146.4132 28.0000 49.0000 0.0000
109.3431 147.2001 28.0000 49.0000 0.0000
107.1132 147.6989 28.0000 49.0000 0.0000
104.8833 148.1976 28.0000 49.0000 0.0000
102.6535 148.6963 28.0000 49.0000 0.0000
97.3157 146.3755 28.0000 49.0000 0.0000
92.9693 146.2620 28.0000 49.0000 0.0000
88.6229 146.1486 28.0000 49.0000 0.0000
84.2765 146.0352 28.0000 49.0000 0.0000
78.9387 143.7143 28.0000 49.0000 0.0000
72.1345 142.9221 28.0000 49.0000 0.0000
69.9046 143.4208 28.0000 49.0000 0.0000
63.1005 142.6285 28.0000 49.0000 0.0000
60.8071 142.1427 28.0000 49.0000 0.0000
54.0029 141.3504 28.0000 49.0000 0.0000
51.1532 140.7327 28.0000 49.0000 0.0000
46.6124 139.8080 28.0000 49.0000 0.0000
41.2746 137.4871 28.0000 49.0000 0.0000
36.7147 137.2635 28.0000 49.0000 0.0000
32.8606 134.2161 28.0000 49.0000 0.0000
28.5142 134.1026 28.0000 49.0000 0.0000
23.1764 131.7818 28.0000 49.0000 0.0000
19.4980 129.7363 28.0000 49.0000 0.0000
15.1516 129.6228 28.0000 49.0000 0.0000
15.1516 129.6228 28.0000 49.0000 0.0000
15.1516 129.6228 28.0000 49.0000 0.0000
15.1516 129.6228 28.0000 49.0000 0.0000
15.1516 129.6228 28.0000 49.0000 0.0000
15.1516 129.6228 28.0000 49.0000 0.0000
15.1516 129.6228 28.0000 49.0000 0.0000
15.1516 129.6228 28.0000 49.0000 0.0000
15.1516 129.6228 28.0000 49.0000 0.0000
15.1516 129.6228 28.0000 49.0000 0.0000
15.1516 129.6228 28.0000 49.0000 0.0000
15.1516 129.6228 28.0000 49.0000 0.0000
15.1516 129.6228 28.0000 49.0000 0.0000
15.1516 129.6228 28.0000 49.0000 0.0000
15.1516 129.6228 28.0000 49.0000 0.0000
15.1516 129.6228 28.0000 49.0000 0.0000
15.1516 129.6228 28.0000 49.0000 0.0000
15.1516 129.6228 28.0000 49.0000 0.0000
15.1516 129.6228 28.0000 49.0000 0.0000
15.1516 129.6228 28.0000 49.0000 0.0000
15.1516 129.6228 28.0000 49.0000 0.0000
15.1516 129.6228 28.0000 49.0000 0.0000
15.1516 129.6228 28.0000 49.0000 0.0000
15.1516 129.6228 28.0000 49.0000 0.0000
15.1516 129.6228 28.0000 49.0000 0.0000
15.1516 129.6228 28.0000 49.0000 0.0000
15.1516 129.6228 28.0000 49.0000 0.0000
15.1516 129.6228 28.0000 49.0000 0.0000
15.1516 129.6228 28.0000 49.0000 0.0000
15.1516 129.6228 28.0000 49.0000 0.0000
15.1516 129.6228 28.0000 49.0000 0.0000
17.7224 68.4114 28.0000 49.0000 0.0000
30.3216 66.2694 28.0000 49.0000 0.0000
43.8836 62.5326 28.0000 49.0000 0.0000
56.3280 63.4253 28.0000 49.0000 0.0000
66.7565 60.5540 28.0000 49.0000 0.0000
81.8489 63.3353 28.0000 49.0000 0.0000
93.9832 60.0025 28.0000 49.0000 0.0000
105.7607 56.7707 28.0000 49.0000 0.0000
119.5594 59.3065 28.0000 49.0000 0.0000
128.6699 58.5971 28.0000 49.0000 0.0000
130.2083 62.3010 28.0000 49.0000 0.0000
133.5441 58.0378 28.0000 49.0000 0.0000
129.6863 58.2451 28.0000 49.0000 0.0000
123.6656 59.5418 28.0000 49.0000 0.0000
115.3552 59.5940 28.0000 49.0000 0.0000
108.6674 61.4827 28.0000 49.0000 0.0000
102.1070 61.4920 28.0000 49.0000 0.0000
95.8200 61.5009 28.0000 49.0000 0.0000
89.8064 61.5094 28.0000 49.0000 0.0000
83.0941 61.5512 28.0000 49.0000 0.0000
71.3539 63.8490 28.0000 49.0000 0.0000
66.9965 62.9744 28.0000 49.0000 0.0000
57.1443 64.8951 28.0000 49.0000 0.0000
49.3923 64.5374 28.0000 49.0000 0.0000
44.2782 64.5687 28.0000 49.0000 0.0000
39.4838 64.5979 28.0000 49.0000 0.0000
36.3619 65.2462 28.0000 49.0000 0.0000
33.3806 64.6632 28.0000 49.0000 0.0000
30.1004 64.6676 28.0000 49.0000 0.0000
29.3754 62.9926 28.0000 49.0000 0.0000
26.1406 64.6330 28.0000 49.0000 0.0000
20.8028 62.3121 28.0000 49.0000 0.0000
18.5094 61.8262 28.0000 49.0000 0.0000
15.8343 62.6132 28.0000 49.0000 0.0000
16.3471 63.8904 28.0000 49.0000 0.0000
13.6719 64.6773 28.0000 49.0000 0.0000
13.6719 64.6773 28.0000 49.0000 0.0000
13.6719 64.6773 28.0000 49.0000 0.0000
13.6719 64.6773 28.0000 49.0000 0.0000
13.6719 64.6773 28.0000 49.0000 0.0000
13.6719 64.6773 28.0000 49.0000 0.0000
13.6719 64.6773 28.0000 49.0000 0.0000
13.2029 62.9560 28.0000 49.0000 0.0000
21.3757 61.8419 28.0000 49.0000 0.0000
38.6717 60.9473 28.0000 49.0000 0.0000
50.1549 58.8329 28.0000 49.0000 0.0000
58.5474 59.6774 28.0000 49.0000 0.0000
68.6624 56.6288 28.0000 49.0000 0.0000
78.0297 58.4621 28.0000 49.0000 0.0000
86.9724 56.0434 28.0000 49.0000 0.0000
98.5518 55.8118 28.0000 49.0000 0.0000
107.3850 54.0497 28.0000 49.0000 0.0000
116.3277 51.6311 28.0000 49.0000 0.0000
122.6241 53.5340 28.0000 49.0000 0.0000
128.9516 52.8166 28.0000 49.0000 0.0000
131.8947 52.1688 28.0000 49.0000 0.0000
134.8336 51.9324 28.0000 49.0000 0.0000
135.9839 50.4098 28.0000 49.0000 0.0000
140.2960 51.2278 28.0000 49.0000 0.0000
141.4463 49.7052 28.0000 49.0000 0.0000
144.3894 49.0575 28.0000 49.0000 0.0000
147.3283 48.8210 28.0000 49.0000 0.0000
150.2672 48.5845 28.0000 49.0000 0.0000
149.4325 48.3135 28.0000 49.0000 0.0000
150.5828 46.7910 28.0000 49.0000 0.0000
149.7481 46.5200 28.0000 49.0000 0.0000
150.8984 44.9974 28.0000 49.0000 0.0000
153.8372 44.7609 28.0000 49.0000 0.0000
152.4595 44.8377 28.0000 49.0000 0.0000
152.9735 42.9929 28.0000 49.0000 0.0000
152.3145 41.3179 28.0000 49.0000 0.0000
153.1722 42.8519 28.0000 49.0000 0.0000
156.1153 42.2042 28.0000 49.0000 0.0000
153.8219 41.7183 28.0000 49.0000 0.0000
155.9124 40.9521 28.0000 49.0000 0.0000
154.5346 41.0289 28.0000 49.0000 0.0000
155.3923 42.5629 28.0000 49.0000 0.0000
154.7333 40.8879 28.0000 49.0000 0.0000
157.6764 40.2401 28.0000 49.0000 0.0000
157.9976 41.2229 28.0000 49.0000 0.0000
159.7159 39.3593 28.0000 49.0000 0.0000
158.3381 39.4361 28.0000 49.0000 0.0000
157.6791 37.7611 28.0000 49.0000 0.0000
159.9467 38.1779 28.0000 49.0000 0.0000
158.5689 38.2547 28.0000 49.0000 0.0000
157.9099 36.5796 28.0000 49.0000 0.0000
160.6494 34.9864 28.0000 49.0000 0.0000
160.9706 35.9691 28.0000 49.0000 0.0000
160.3116 34.2941 28.0000 49.0000 0.0000
161.1693 35.8281 28.0000 49.0000 0.0000
161.1303 33.2166 28.0000 49.0000 0.0000
162.2806 31.6940 28.0000 49.0000 0.0000
159.0458 33.3344 28.0000 49.0000 0.0000
158.3867 31.6593 28.0000 49.0000 0.0000
155.8199 32.7751 28.0000 49.0000 0.0000
152.7429 31.1754 28.0000 49.0000 0.0000
150.0677 31.9624 28.0000 49.0000 0.0000
147.5009 33.0782 28.0000 49.0000 0.0000
146.1231 33.1549 28.0000 49.0000 0.0000
142.9268 33.1758 28.0000 49.0000 0.0000
140.6334 32.6899 28.0000 49.0000 0.0000
138.4036 33.1887 28.0000 49.0000 0.0000
136.1737 33.6874 28.0000 49.0000 0.0000
132.9774 33.7083 28.0000 49.0000 0.0000
