154,102,178,154
152.33,103.12,176.25,154.96
150.29,103.57,174.26,155.5
148.75,104.54,172.52,156.05
146.79,105.24,170.57,156.77
145.31,105.76,169.07,157.25
143.73,106.48,167.44,157.86
142.05,106.78,165.79,158.22
140.69,107.71,164.45,159.2
139.21,108.15,162.95,159.6
137.65,108.5,161.43,160.05
135.84,109,159.54,160.37
134.43,109.61,157.96,160.62
132.76,109.98,156.28,160.98
131.31,110.71,154.77,161.56
129.37,111.32,152.87,162.26
127.46,111.85,151,162.87
125.32,113.1,148.81,164.03
123.11,113.27,146.74,164.49
120.75,114.29,144.26,165.23
118.16,115.47,141.62,166.32
116.22,115.98,139.74,166.97
114,117.48,137.39,168.18
111.34,118.05,134.75,168.81
108.97,119.48,132.34,170.14
106.3,120.71,129.45,170.91
103.91,121.06,126.98,171.1
101.24,122.31,123.86,171.39
99.06,122.71,121.75,171.92
96.683,122.85,119.33,171.97
94.214,123.52,116.9,172.72
88.098,122.4,110.84,171.74
84.222,122.86,106.94,172.14
78.9,122.55,101.66,171.93
75.073,121.9,97.771,171.14
70.472,120.84,93.491,170.75
64.164,119.16,87.164,169.04
60.86,119.68,83.9,169.65
54.952,118.32,78.024,168.35
51.398,117.6,74.379,167.44
46.102,116.66,69.134,166.61
41.108,114.86,64.013,164.53
37.483,113.99,60.46,163.82
31.885,112.49,54.893,162.38
27.493,111.79,50.508,161.71
22.871,109.34,45.988,159.47
19.332,109.13,42.285,158.91
14.254,106.81,37.096,156.35
10.212,105.7,33.041,155.22
5.9434,104.36,28.809,153.95
NaN,NaN,NaN,NaN
NaN,NaN,NaN,NaN
NaN,NaN,NaN,NaN
NaN,NaN,NaN,NaN
NaN,NaN,NaN,NaN
NaN,NaN,NaN,NaN
NaN,NaN,NaN,NaN
NaN,NaN,NaN,NaN
NaN,NaN,NaN,NaN
NaN,NaN,NaN,NaN
NaN,NaN,NaN,NaN
NaN,NaN,NaN,NaN
NaN,NaN,NaN,NaN
NaN,NaN,NaN,NaN
NaN,NaN,NaN,NaN
NaN,NaN,NaN,NaN
NaN,NaN,NaN,NaN
NaN,NaN,NaN,NaN
NaN,NaN,NaN,NaN
NaN,NaN,NaN,NaN
NaN,NaN,NaN,NaN
NaN,NaN,NaN,NaN
NaN,NaN,NaN,NaN
NaN,NaN,NaN,NaN
NaN,NaN,NaN,NaN
NaN,NaN,NaN,NaN
NaN,NaN,NaN,NaN
NaN,NaN,NaN,NaN
NaN,NaN,NaN,NaN
NaN,NaN,NaN,NaN
10.514,42.57,30.759,86.437
21.97,41.691,42.134,85.387
35.07,39.503,55.339,83.421
47.758,38.704,68.062,82.696
59.579,37.355,80.063,81.727
72.839,37.236,93.268,81.492
84.857,36.149,105.32,80.467
98.735,35.935,119.18,80.218
108.42,35.494,128.9,79.853
118.47,34.976,139.04,79.526
122.86,34.916,143.41,79.444
125.4,35.125,145.95,79.635
121.81,35.45,142.42,80.086
115.26,35.637,135.8,80.134
107.91,35.904,128.54,80.59
100.5,36.808,121.05,81.326
94.015,37.346,114.47,81.664
86.525,37.044,106.99,81.379
79.549,38.353,99.997,82.65
72.51,38.48,92.903,82.659
64.689,38.904,85.031,82.975
57.337,39.315,77.652,83.331
50.234,39.803,70.449,83.608
41.281,40.924,61.573,84.893
35.715,40.142,55.915,83.914
29.817,40.786,50.059,84.648
27.304,40.723,47.424,84.325
25.852,39.986,46.056,83.767
22.073,41.377,42.215,85.027
20.609,39.336,40.737,82.957
17.744,41.384,37.858,84.976
13.505,39.895,33.674,83.603
11.498,40.691,31.569,84.192
7.7615,40.908,27.732,84.197
6.8412,39.905,26.741,83.043
3.3351,40.757,23.247,83.92
NaN,NaN,NaN,NaN
NaN,NaN,NaN,NaN
NaN,NaN,NaN,NaN
NaN,NaN,NaN,NaN
NaN,NaN,NaN,NaN
NaN,NaN,NaN,NaN
NaN,NaN,NaN,NaN
12.58,38.459,33.02,82.762
32.351,37.481,52.752,81.701
41.434,37.121,61.747,81.156
51.204,36.865,71.536,80.938
60.544,34.72,80.952,78.956
71.18,35.277,91.63,79.599
79.838,32.419,100.38,76.931
91.876,32.92,112.18,76.936
99.509,31.418,119.87,75.549
108.14,30.046,128.56,74.304
114.39,30.329,134.8,74.578
120.19,29.256,140.65,73.601
123.63,29.164,143.99,73.291
126.86,28.935,147.2,73.021
128.25,28.193,148.61,72.343
131.12,27.747,151.52,71.966
132.59,27.995,152.97,72.175
135.55,26.694,155.95,70.916
138.83,26.333,159.26,70.625
141.03,25.265,161.5,69.648
142.95,24.466,163.44,68.883
142.43,24.008,163,68.578
142.36,23.147,163.02,67.915
143.85,22.455,164.59,67.393
144.37,21.178,165.23,66.363
144.62,20.254,165.58,65.655
143.98,19.326,165.06,64.972
144.53,18.586,165.65,64.337
144.95,17.928,166.11,63.77
146.52,17.132,167.81,63.231
146.47,16.65,167.8,62.834
146.86,16.214,168.29,62.61
146.49,16.41,167.85,62.657
147.08,16.778,168.47,63.082
147,15.679,168.4,62.005
148.32,15.961,169.79,62.433
148.74,14.96,170.37,61.758
150.1,14.515,171.74,61.347
149.91,14.56,171.59,61.501
150.82,13.329,172.68,60.628
150.35,13.292,172.3,60.791
150.56,11.942,172.62,59.661
150.88,12.424,172.9,60.08
151.06,10.859,173.16,58.678
152.52,11.075,174.63,58.913
152.05,9.5742,174.18,57.442
153.08,9.6116,175.24,57.529
152.87,8.7546,175.08,56.791
154.46,8.015,176.76,56.237
151.58,7.8529,174.06,56.468
150.28,6.9741,172.72,55.508
147.78,7.5557,170.24,56.126
145.04,6.6752,167.49,55.235
142.7,7.7159,165.13,56.23
138.76,8.2386,161.2,56.778
137.51,7.9181,159.79,56.104
134.5,8.6761,156.5,56.289
133.32,8.1176,155.52,56.139
131.02,7.9936,153.2,55.977
128.31,8.6785,150.54,56.78
125.47,8.039,147.69,56.099
