154,102,178,154
152.27,103.21,176.11,154.86
150.22,103.47,174.11,155.22
148.73,104.41,172.25,155.38
146.89,104.65,170.49,155.81
145.37,105.01,169.07,156.38
143.8,105.83,167.37,156.9
142.21,106.27,165.66,157.11
140.67,107.43,164.21,158.44
139.39,108.25,162.57,158.5
137.73,108.65,160.95,158.99
135.76,108.97,159.01,159.39
134.61,109.69,157.4,159.12
133.01,110.16,155.67,159.32
131.48,110.98,154.06,159.96
129.55,111.64,152.15,160.68
127.57,112.03,150.32,161.37
125.52,113.6,147.94,162.24
123.4,113.8,145.85,162.51
121.35,114.79,143.52,162.91
118.84,116.82,140.27,163.36
116.91,117.28,138.33,163.82
114.53,118.97,135.66,164.9
111.93,119.56,133.04,165.42
109.58,121.12,130.48,166.54
106.38,122.11,127.46,167.91
104.47,123.12,125.11,167.87
100.87,124.55,121.28,168.72
98.853,125.04,119.09,168.76
96.691,125.26,116.69,168.42
94.222,125.81,114.12,168.73
88.279,124.96,108.02,167.5
84.038,125.03,104.17,168.36
78.548,124.7,98.701,168.07
74.758,124.25,94.717,167.22
70.298,123.24,90.592,166.91
64.067,121.7,84.046,164.71
60.941,122.04,80.756,164.69
55.078,120.89,74.85,163.44
51.478,120.2,71.102,162.44
46.281,119.3,65.896,161.52
41.425,118.19,60.672,159.64
37.888,117.01,57.387,158.98
32.483,115.67,51.967,157.61
28.276,115.4,47.53,156.86
23.708,112.81,43.049,154.45
19.789,112.33,39.349,154.42
14.77,110.22,34.035,151.69
10.518,108.82,29.996,150.73
6.2884,107.58,25.967,149.92
1.3137,105.16,21.023,147.56
-2.2769,103.44,17.238,145.43
-8.8864,100.21,10.785,142.53
-12.444,98.727,7.2275,141.05
NaN,NaN,NaN,NaN
NaN,NaN,NaN,NaN
NaN,NaN,NaN,NaN
NaN,NaN,NaN,NaN
NaN,NaN,NaN,NaN
NaN,NaN,NaN,NaN
NaN,NaN,NaN,NaN
NaN,NaN,NaN,NaN
NaN,NaN,NaN,NaN
NaN,NaN,NaN,NaN
NaN,NaN,NaN,NaN
NaN,NaN,NaN,NaN
NaN,NaN,NaN,NaN
NaN,NaN,NaN,NaN
NaN,NaN,NaN,NaN
NaN,NaN,NaN,NaN
NaN,NaN,NaN,NaN
NaN,NaN,NaN,NaN
NaN,NaN,NaN,NaN
NaN,NaN,NaN,NaN
NaN,NaN,NaN,NaN
NaN,NaN,NaN,NaN
NaN,NaN,NaN,NaN
NaN,NaN,NaN,NaN
NaN,NaN,NaN,NaN
NaN,NaN,NaN,NaN
9.1429,42,28.571,84.571
20.431,40.956,40.124,84.091
34.082,39.241,53.393,81.562
46.403,37.817,66.242,81.066
58.617,36.489,78.686,80.078
71.418,36.306,91.703,80.244
83.579,35.546,103.92,79.517
97.401,35.268,117.78,79.329
107.01,35.42,127.39,79.421
117.08,34.817,137.61,79.126
121.6,35.414,141.98,79.371
124.12,36.028,144.33,79.577
120.36,36.41,140.67,80.147
113.61,36.818,133.67,80.008
106.62,37.14,126.6,80.135
99.12,37.759,119.08,80.7
92.401,38.005,112.26,80.739
84.931,37.765,104.75,80.413
77.975,38.533,97.832,81.253
70.868,38.231,90.742,80.981
63.365,38.123,83.232,80.855
55.57,38.464,75.609,81.556
48.529,39.02,68.417,81.797
39.64,40.054,59.696,83.182
34.096,39.385,53.963,82.116
28.338,39.88,48.278,82.765
25.69,39.868,45.443,82.362
24.112,38.993,44.144,82.071
20.203,40.201,40.377,83.577
18.992,37.953,38.962,80.897
15.944,39.681,36.051,82.915
11.714,38.171,31.831,81.422
9.8636,39.423,29.459,81.583
5.8094,39.452,25.595,82.01
4.9791,38.618,24.519,80.663
1.4349,39.384,21.076,81.64
-1.3511,38.613,18.152,80.579
-3.5043,39.324,16.018,81.33
-5.5454,38.522,13.829,80.219
-4.495,38.755,14.999,80.702
-4.6498,37.795,14.814,79.679
-2.39,38.12,17.068,79.992
2.4047,37.811,21.944,79.852
9.801,36.603,29.699,79.393
29.638,35.606,49.517,78.358
38.547,35.185,58.392,77.865
48.178,34.375,68.143,77.304
57.698,32.461,77.534,75.122
68.428,33.16,88.32,75.935
77.339,30.111,97.445,73.335
89.313,31.2,108.77,73.065
96.912,29.254,116.58,71.552
105.45,27.896,125.2,70.371
111.54,28.178,131.27,70.599
117.41,27.168,137.1,69.522
120.73,27.023,140.38,69.274
123.96,27.118,143.67,69.512
125.29,26.227,145.18,68.981
128.05,25.239,148.07,68.287
129.49,25.439,149.55,68.558
132.37,24.175,152.33,67.105
135.67,23.818,155.72,66.92
137.83,22.603,158.07,66.112
139.76,21.86,159.97,65.31
139.27,21.416,159.53,64.962
139.17,20.465,159.41,63.971
140.76,19.792,161.03,63.355
141.19,18.779,161.58,62.605
141.4,17.825,161.9,61.881
140.8,16.876,161.37,61.084
141.31,16.061,161.99,60.479
141.73,15.418,162.43,59.886
143.38,14.847,163.81,58.759
143.27,14.497,163.59,58.182
143.75,14.054,164.1,57.785
143.25,14.449,163.39,57.755
143.66,14.871,163.83,58.225
143.63,13.836,163.72,57.014
144.95,14.274,165.1,57.59
145.36,13.221,165.83,57.216
146.71,12.62,167.29,56.83
146.53,12.593,167.19,56.99
147.43,11.295,168.36,56.249
146.85,11.085,168,56.492
147.09,9.8178,168.23,55.201
147.16,10.043,168.5,55.857
147.37,8.6413,168.6,54.229
148.79,8.953,169.93,54.335
148.28,7.4747,169.42,52.855
149.3,7.5444,170.39,52.846
149.12,6.7468,170.17,51.954
150.78,6.0014,171.63,50.775
148.05,5.9317,168.86,50.628
146.83,5.4461,167.32,49.473
144.57,6.1047,164.83,49.659
141.76,5.0047,162.18,48.878
139.3,6.0043,159.63,49.701
135.32,6.329,155.68,50.065
134.13,6.0783,154.22,49.269
131.04,6.9945,150.91,49.72
129.83,6.1107,150.04,49.547
127.63,6.0412,147.79,49.377
124.68,6.3077,145.34,50.679
121.9,5.7269,142.45,49.87
