293,36,310,52
292.6,52.156,309.66,68.213
302,24.865,319.48,41.323
310.67,31.123,328.28,47.699
309.95,41.287,327.59,57.886
307.12,43.517,324.94,60.285
318.47,67.628,336.74,84.831
328.77,77.874,347.6,95.594
333.47,72.494,352.74,90.636
331.97,42.478,351.82,61.161
327.9,35.721,348.04,54.688
324.35,54.308,344.31,73.11
325.18,60.129,344.84,78.635
325.21,68.96,344.84,87.441
331.92,60.014,351.76,78.695
332.69,54.523,352.6,73.27
328.53,93.503,348.45,112.27
315.36,121.75,335.07,140.31
294.49,120.85,313.97,139.19
287.23,122.29,306.9,140.82
286.79,102.88,306.91,121.83
285.31,88.949,305.38,107.85
280.47,91.468,300.58,110.41
285.46,101.22,305.88,120.46
287.41,95.579,308.08,115.04
284.33,72.3,305.02,91.782
286.89,40.028,307.8,59.729
286.02,31.393,307.37,51.499
287.26,16.633,308.66,36.793
NaN,NaN,NaN,NaN
NaN,NaN,NaN,NaN
NaN,NaN,NaN,NaN
NaN,NaN,NaN,NaN
287.26,16.633,308.66,36.793
292.78,6.1074,313.86,25.962
NaN,NaN,NaN,NaN
NaN,NaN,NaN,NaN
NaN,NaN,NaN,NaN
NaN,NaN,NaN,NaN
NaN,NaN,NaN,NaN
NaN,NaN,NaN,NaN
NaN,NaN,NaN,NaN
NaN,NaN,NaN,NaN
NaN,NaN,NaN,NaN
309.78,27.107,336.86,52.962
314.56,47.353,341.66,73.226
316.77,64.07,344.26,90.311
316.64,59.496,344.93,86.512
311.88,55.936,340.19,82.963
306.78,53.618,335.22,80.779
303.49,47.73,331.86,74.809
298.48,39.169,326.15,65.583
293.76,28.957,321.09,55.047
292.02,29.112,319.1,54.966
292.65,39.254,318.86,64.275
290.13,44.47,315.67,68.848
288.64,53.295,313.98,77.491
287.57,67.058,312.83,91.172
272.69,72.56,298.15,96.87
251.16,62.45,276.91,87.031
245.44,90.518,271.13,115.04
268.88,73.116,294.89,97.941
267.49,30.079,294.3,55.671
269.38,31.368,296.18,56.955
277.97,59.299,304.39,84.522
294.16,85.457,320.55,110.64
300.9,94.492,327.2,119.6
304.72,101.89,331.02,127
305.13,103.56,331.5,128.73
312.11,110.65,338.24,135.6
311.09,120.87,337.34,145.93
311.96,122.22,338.23,147.29
292.48,99.386,318.5,124.23
279.37,53.607,305.59,78.645
279.49,53.356,305.7,78.376
284.39,70.744,310.42,95.595
289.19,74.087,315.13,98.855
294.33,72.444,320.46,97.386
296.49,65.698,322.74,90.757
299.36,56.094,325.82,81.359
303.18,59.475,329.54,84.641
307.22,63.938,333.58,89.103
308.48,60.171,335.07,85.558
310.76,56.579,337.37,81.975
309.19,53.48,336.24,79.301
305.79,56.579,332.89,82.451
302.6,41.704,329.89,67.765
298.1,31.544,325.5,57.705
296.94,37.677,324.21,63.718
296.54,26.585,323.92,52.725
297.46,14.557,325.06,40.909
NaN,NaN,NaN,NaN
NaN,NaN,NaN,NaN
NaN,NaN,NaN,NaN
NaN,NaN,NaN,NaN
297.46,14.557,325.06,40.909
303.65,33.539,331.13,59.777
292.43,66.207,319.8,92.338
286.7,72.007,314.21,98.265
279.23,87.139,309.1,116.27
279.15,95.454,309.2,124.77
272.46,121.06,302.94,150.89
269.12,141.41,299.59,171.22
265.09,174.13,295.69,204.07
265.62,179.79,296.21,209.72
276.92,172.86,307.51,202.79
286.72,159.93,317.37,189.91
287.72,161.54,318.42,191.58
302.59,158.84,333.64,189.22
311.34,155.07,342.69,185.75
315.21,155.22,346.56,185.89
317.95,142.55,349.42,173.35
316.61,134.13,348.03,164.88
313.01,120.54,344.55,151.4
307.15,111.89,338.6,142.67
298.87,102.37,330.24,133.07
298.53,92.468,329.73,123
302.61,95.268,334.09,126.07
307.8,109.81,338.6,139.95
305.96,90.886,336.81,121.07
297.28,50.084,328.06,80.203
296.61,27.134,327.5,57.359
300.06,26.988,331.2,57.46
307.39,46.757,338.19,76.892
314.42,83.684,345.57,114.17
314.85,101.53,346.3,132.3
318.7,115.63,350.41,146.66
318.56,108.42,349.84,139.03
320.85,105.87,352.04,136.4
331.79,105.58,362.87,136
331.63,105.11,362.69,135.51
322.92,103.81,353.86,134.08
329.04,92.517,360.35,123.15
332.71,73.427,364.31,104.36
330.38,40.734,361.98,71.651
325.91,40.024,357.55,70.982
320.59,55.072,351.81,85.618
324.58,83.818,355.33,113.9
331.32,87.862,362.15,118.03
342.52,91.649,371.39,119.85
346.52,92.947,375.3,121.06
353.03,86.543,381.48,114.34
358.22,83.211,387.15,111.47
356.67,60.271,385.97,88.896
351.02,56.587,380.28,85.169
336.81,77.348,365.47,105.35
330.35,88.584,358.86,116.44
328.57,91.512,356.97,119.26
324.4,107.81,352.67,135.43
325.16,114.05,353.39,141.63
327.83,114.62,356.26,142.39
336.09,101.01,364.81,129.06
339.47,90.473,368.56,118.89
336.18,75.703,365.57,104.41
338.15,81.599,367.54,110.31
337.92,82.946,367.64,111.98
337.52,77.318,367.4,106.51
339.71,63.868,369.87,93.337
339.45,58.223,370.12,88.192
346.85,39.347,377.93,69.717
348.2,34.379,379.51,64.966
347.55,24.169,379.47,55.351
339.99,27.094,372.01,58.38
328.02,32.102,359.56,62.916
323.29,30.738,354.55,61.287
316.33,26.223,347.48,56.653
306.27,14.766,337.25,45.036
298.12,21.936,328.76,51.871
296.44,29.788,327.08,59.722
292.58,45.004,323.08,74.808
287.58,51.174,318.31,81.199
285.33,65.472,316.11,95.542
284.5,78.601,316.14,109.51
282.15,84.079,313.89,115.09
287.13,99.157,319.27,130.55
287.26,104.11,319.69,135.79
286.35,102.01,319.28,134.18
286.77,107.46,319.87,139.8
285.28,120.67,321.37,155.84
289.18,125.92,325.26,161.09
293.54,111.44,329.89,146.87
295.37,100.72,331.81,136.24
296.55,89.056,333.77,125.33
299.02,75.736,336.74,112.51
299.31,73.397,336.95,110.09
296.3,67.072,333.98,103.8
294.82,61.524,332.81,98.552
297.12,55.74,334.62,92.293
299.94,60.967,336.98,97.071
304.94,77.96,340.85,112.96
302.04,107.2,337.61,141.87
302.32,65.642,338.13,100.55
300.83,15.478,337.68,51.393
NaN,NaN,NaN,NaN
NaN,NaN,NaN,NaN
NaN,NaN,NaN,NaN
349.2,2.7736,381.2,33.963
332.79,30.403,364.65,61.452
315.49,62.503,347.16,93.375
312.46,93.263,344.2,124.2
307.1,139.49,338.91,170.5
298.82,167.01,330.43,197.81
297.45,184.34,328.87,214.97
296.37,209.75,327.84,240.43
293.32,215.18,324.97,246.03
290.95,206.67,322.4,237.32
285.6,196.75,317.04,227.39
315.81,223.04,347.24,253.67
322.63,253.26,354.09,283.93
327.26,263.83,358.84,294.62
316.18,267.8,347.85,298.67
306.4,266.91,338.29,297.98
304.79,270.1,336.8,301.29
302.88,275.14,334.83,306.28
303.72,250.68,335.58,281.73
308.21,229.45,339.81,260.24
312.77,207.88,344.33,238.64
314.84,204.24,346.36,234.96
313.42,217.98,344.76,248.52
296.52,208.1,327.27,238.06
292.04,183.17,322.67,213.03
288.37,149.17,318.85,178.88
280.12,141.75,310.62,171.48
262.08,140.54,292.28,169.97
261.58,149.13,291.9,178.68
264.65,138.8,295.3,168.68
266.47,123.69,297.21,153.65
271.09,114.17,301.9,144.2
272.06,100.92,303.08,131.15
273.92,92.598,305.37,123.25
275.05,99.455,306.57,130.17
279.63,78.525,311.48,109.56
272.87,63.38,304.69,94.389
263.2,90.291,294.84,121.13
265.95,114.89,297.25,145.39
268.83,152.53,300.1,183
264.12,159.59,295.94,190.6
262.8,139.26,294.56,170.21
267.06,120.48,298.79,151.41
267.47,78.646,299.47,109.83
269.62,63.993,301.66,95.212
269.98,52.22,301.31,82.755
273.16,51.888,304.39,82.331
284.71,45.517,315.27,75.299
286.86,36.826,317.82,67.003
279.56,15.946,310.31,45.914
285.71,11.036,316.81,41.342
286.97,7.7317,318.05,38.012
279.74,2.9492,311.18,33.591
280.31,18.499,312.14,49.517
284.5,36.459,316.66,67.804
298.96,69.8,331.64,101.65
299.58,82.49,332.49,114.56
294.13,88.03,326.18,119.27
303.91,76.606,336.46,108.32
309.44,66.218,342.19,98.14
305.4,58.453,338.25,90.461
298.55,73.467,331.69,105.76
297.44,80.081,330.43,112.23
299.96,89.78,332.9,121.88
306.85,102.16,340.02,134.49
308.63,120.71,341.45,152.7
302.91,121.58,335.81,153.65
301.04,98.105,333.83,130.06
273.44,109.17,306.2,141.1
278.9,160.62,312.76,193.62
296.55,144.8,332.24,179.59
303.21,122.25,339.16,157.29
332.21,141.29,369.28,177.42
340.16,150.44,378.04,187.36
341.62,144.45,379.32,181.19
334.82,117.93,372.64,154.79
323.49,103.41,361.27,140.23
300.9,84.687,338.62,121.45
293.81,77.703,331.56,114.5
288.5,82.098,326.27,118.91
287.09,96.704,324.58,133.25
288.8,97.786,326.08,134.12
289.19,95.585,326.49,131.94
277.89,84.191,315.08,120.43
263.17,69.134,300.28,105.31
261.93,60.221,299.6,96.938
262.48,65.37,300.28,102.22
262.35,69.926,300.35,106.97
265.91,70.814,303.85,107.79
265.91,60.978,303.75,97.858
272.16,60.654,309.83,97.37
277.48,71.213,315.04,107.82
285.19,88.549,322.71,125.12
288.98,92.479,326.56,129.11
289.28,88.843,325.83,124.46
289.55,86.026,325.94,121.5
289.74,91.559,326.19,127.08
292.98,74.319,330.58,110.97
298.02,68.732,335.84,105.59
311.76,79.733,349.57,116.59
322.82,90.5,360.83,127.55
325.18,83.202,363.46,120.52
322.42,69.27,360.76,106.64
320.43,67.63,358.79,105.02
317.08,70.563,355.42,107.93
317.98,94.217,355.99,131.26
317.62,106.23,355.67,143.31
314.98,105.55,353.02,142.63
308.49,97.66,345.74,133.97
304.76,92.543,341.26,128.12
300.11,94.637,336.18,129.79
297.19,94.076,332.32,128.31
291.38,95.677,325.4,128.83
288.65,99.682,322.32,132.51
287.35,109.29,320.17,141.27
287.26,117.97,319.65,149.54
286.19,123.64,318.3,154.94
281.29,122.66,313.34,153.89
278.77,101.71,310.73,132.85
278.38,90.591,310.62,122.02
278.48,73.602,311.04,105.33
277.04,75.56,309.05,106.76
274.05,81.514,306.14,112.8
274.98,92.025,306.48,122.73
276.09,90.535,305.17,118.82
281.42,74.094,310.09,101.99
283.2,72.591,311.65,100.27
286.14,88.849,314.5,116.44
285.43,96.548,313.71,124.06
285.06,100.66,313.55,128.37
278.85,109.61,307.44,137.42
264.33,146.51,292.83,174.23
252.3,176.66,280.48,204.07
247.52,190.08,275.65,217.44
244.13,201.23,272.32,228.65
245.61,199.32,273.88,226.82
253.96,187.71,281.88,214.88
269.47,174.54,297.29,201.6
276.28,172.89,303.79,199.65
282.02,208.89,310.05,236.16
NaN,NaN,NaN,NaN
310.02,216.89,338.05,244.16
312.91,193.08,340.53,219.95
312.59,187.8,340.52,214.96
314.42,204.8,343.72,233.31
323.34,209.51,353.39,238.76
328.24,190.37,358.31,219.62
326.35,175.42,356.46,204.71
330.18,155.15,360.4,184.54
332.68,152.24,363.05,181.79
343.66,181.11,374.6,211.21
347.49,202.51,379.11,233.28
347.54,227.6,379.64,258.83
333.56,215.67,365.68,246.92
313.89,185.21,346.19,216.63
305.45,172.56,337.73,203.96
297.32,150.35,329.91,182.05
298.98,139.58,331.82,171.53
301.3,148.91,334.05,180.77
304.57,177.79,337.41,209.75
309.44,183.92,342.58,216.16
311.32,184.17,348.66,220.61
308.15,175.72,345.48,212.15
299.55,136.02,336.79,172.37
297.86,128.27,335.22,164.72
296.58,130.04,333.94,166.5
298.94,127.58,336.02,163.76
300.27,150.21,337.48,186.52
301.01,157.93,338.23,194.25
302.12,163.82,339.77,200.57
308.97,194.54,347.46,232.1
315.62,211.79,354.47,249.69
316.02,209.13,355.53,247.68
313.37,204.1,353.01,242.79
307.03,193.08,347.3,232.38
302.99,189.87,343.21,229.12
292.82,181.47,332.34,220.05
284.83,167.71,323.94,205.88
282.73,163.87,321.93,202.13
278.57,167.38,318,205.85
276.84,173.63,316.19,212.03
291.2,163.62,330.71,202.18
287.06,150.09,326.45,188.53
290.47,137.94,330.2,176.71
283.75,119.97,323.69,158.95
291.62,123.36,331.51,162.28
293.35,129.95,333,168.64
287.85,144.2,327.66,183.06
290.45,157.23,330.41,196.23
292.89,179.74,332.57,218.47
292.23,174.17,332,212.99
293.72,170.22,333.95,209.47
294.82,168.06,335.4,207.66
301.98,155.3,342.74,195.07
309.21,165.48,350.71,205.98
313.33,171.78,354.86,212.31
315.42,165.89,357.33,206.79
307.45,166.59,349.58,207.71
305.04,177.22,347.31,218.47
300.21,175.63,342.46,216.86
302.68,155.66,345.2,197.15
306.69,154.6,349.51,196.39
313.55,150.56,357.93,193.88
322.16,157.99,367.8,202.53
327.41,154.65,373.85,199.97
330.27,148.54,376.68,193.84
333.82,142,380.81,187.86
328.73,135.04,375.79,180.97
319.77,141.9,366.71,187.72
309.03,131.64,355.9,177.38
302.24,144.77,352.62,194.04
292.5,153.34,343.14,202.86
286.34,148.15,337.09,197.78
272.73,153.7,323.65,203.49
266.96,155.74,318.04,205.69
273.78,153.31,324.98,203.38
282.2,160.36,333.29,210.33
287.27,160.73,338.46,210.79
298.49,146.78,350.12,197.27
308.95,132.82,361.06,183.77
311.78,134.71,364.43,186.19
313.87,133.84,366.66,185.47
312.72,124.3,365.63,176.04
310.3,120.48,363.72,172.72
313.31,127.06,367.36,179.91
317.56,121.49,372.33,175.04
320.46,120.74,375.84,174.9
323.42,120.01,379.39,174.74
326.57,107.45,382.81,162.45
321.88,102.18,378.92,157.97
319.26,97.455,377.16,154.07
320.81,95.847,379.26,153.01
325.85,87.605,385.56,146
326.3,84.052,386.71,143.12
328.31,99.543,388.74,158.64
325.57,108.65,385.37,167.14
320.11,94.109,380.16,152.84
306.26,75.575,366.48,134.46
301.82,78,362.17,137.01
295.44,105.98,355.36,164.58
303.94,121.37,363.97,180.06
307.61,123.87,367.47,182.4
320.63,117.82,380.95,176.81
324.71,108.34,385.22,167.51
329.39,83.043,390.07,142.38
327.17,69.69,387.08,128.28
322.9,73.785,382.47,132.03
322.28,77.804,381.82,136.03
327.88,80.005,387.5,138.31
330.65,76.508,390.41,134.96
348.38,69.407,409.18,128.86
365.13,73.512,427.25,134.26
363.94,69.591,425.81,130.1
350,54.648,411.65,114.95
346.9,56.807,407.96,116.52
344.14,52.563,404.72,111.81
333.9,41.526,393.49,99.804
327.29,25.472,385.52,82.41
329.01,5.3213,386.32,61.366
329.01,5.3213,386.32,61.366
335.31,3.7037,391.33,58.49
337.35,8.0254,392.28,61.736
349.39,21.528,402.98,73.94
338.57,26.269,391.09,77.628
323.63,41.179,373.78,90.225
320.11,53.884,368.91,101.6
312.2,71.942,359.56,118.26
298.39,95.623,343.18,139.41
295.46,105.56,339.95,149.05
282.91,127.36,325.48,168.99
275.05,137.96,317.22,179.19
267.11,130.85,308.56,171.37
278.55,105.62,318.78,144.94
288.28,93.297,328.68,132.8
304.52,77.128,340.82,112.53
305.51,77.783,341.79,113.16
299.14,85.394,334.72,120.09
307.75,81.671,343.32,116.36
324.66,72.774,361.09,108.31
329.99,62.905,366.68,98.692
341.84,87.389,378.15,122.8
333.15,96.812,368.75,131.54
315.75,70.684,351.34,105.39
315.58,19.547,351.37,54.45
317.68,41.875,352.78,76.108
306.31,59.99,340.84,93.672
300.96,88.481,334.9,121.58
301.65,87.298,335.88,120.68
309.93,70.594,344.2,104.02
309.28,62.183,343.11,95.177
309.08,68.124,342.92,101.13
305.78,73.728,340.05,107.15
307.56,42.402,342.31,76.289
NaN,NaN,NaN,NaN
NaN,NaN,NaN,NaN
NaN,NaN,NaN,NaN
NaN,NaN,NaN,NaN
NaN,NaN,NaN,NaN
NaN,NaN,NaN,NaN
NaN,NaN,NaN,NaN
328.69,12.932,359.66,43.04
328.04,64.171,358.79,94.058
329.24,92.095,360.28,122.27
328.1,91.977,359.64,122.63
318.69,75.368,354.18,110.14
307.37,50.554,343.32,85.779
299.65,53.506,337.76,90.733
297.36,59.783,335.6,97.136
302.48,62.281,340.76,99.668
308.18,55.387,346.06,92.388
303.33,39.33,341.49,76.599
299.77,25.446,338.38,63.16
298.66,23.982,337.25,61.671
297.7,32.305,336.5,70.203
296.99,44.629,335.48,82.225
300.41,57.927,338.69,95.318
301.53,64.406,339.64,101.64
305.77,75.939,343.41,112.7
307.65,81.914,345.3,118.69
304.61,98.487,342.04,135.05
294.57,108.36,331.03,143.98
288.94,29.34,326.04,65.571
290.94,1.3402,324.04,33.571
286.87,41.255,319.8,73.325
297.52,61.265,330.96,93.835
304.56,58.714,338.21,91.489
301.56,56.09,335.57,89.218
292.9,80.487,326.44,113.15
292.67,96.049,326.03,128.54
298.28,112.65,331.53,145.04
294.29,113.83,327.9,146.57
287.09,111.3,320.09,143.44
283.1,116.51,316.15,148.7
276.59,130.56,309.51,162.62
270.85,133.22,304.29,165.8
264.75,135.31,298.24,167.92
267.28,143.49,301,176.33
267.15,160.61,301.08,193.65
268.48,142.37,302.54,175.55
269.43,124.29,303.95,157.91
269.25,86.956,304.36,121.15
269.81,70.647,305.33,105.24
273.26,65.095,309.09,99.995
280.66,56.552,318.15,93.065
280.09,82.313,317.54,118.79
281.47,103.72,318.96,140.24
291.77,124.02,330.21,161.46
303.56,142.39,343.06,180.87
307.05,165.46,347.33,204.69
307.65,165.77,348.93,205.98
292.23,168.79,334.09,209.57
272.3,152.75,314.52,193.87
253.43,138.24,296.05,179.75
242.71,128.38,285.33,169.89
232.82,109.64,276.35,152.04
232.76,100.79,276.37,143.27
227.94,112.6,272.1,155.62
228.47,131.8,272.91,175.09
219.95,137.56,274.54,191
213.73,114.57,268.65,168.32
205.27,88.425,259.68,141.69
218,90.356,272.69,143.9
225.37,92.542,280.19,146.2
221.44,74.53,276.59,128.51
210.45,59.898,265.46,113.75
211.89,64.686,266.93,118.57
219.08,79.859,273.61,133.24
219.07,77.435,273.25,130.47
212.13,54.692,265.84,107.27
217.64,42.475,270.47,94.188
223.7,40.341,276.72,92.242
224.27,39.12,277.23,90.963
218.96,35.664,272.21,87.793
210.47,18.138,264.67,71.195
208.46,15.579,262.74,68.707
208.45,24.271,262.24,76.918
213.33,29.692,266.63,81.859
224.64,44.221,276.91,95.387
234.53,62.186,286.6,113.16
236.03,69.521,287.74,120.14
235.68,74.054,287.11,124.39
226.51,77.093,277.26,126.78
216.84,74.969,267.5,124.56
213.36,72.707,264.31,122.58
210.3,64.733,260.85,114.21
211.89,41.306,262.21,90.56
219.5,16.133,270.58,66.133
230.16,9.3837,281.25,59.392
254.74,20.129,305.25,69.574
265.34,25.237,315.18,74.021
263.65,27.981,312.71,75.999
251.8,25.165,299.61,71.967
244.69,20.571,292.41,67.281
237.32,20.37,284.63,66.677
241.11,29.735,287.33,74.971
249,39.513,294,83.551
259.19,56.046,303.39,99.314
255.51,55.572,299.74,98.862
251.36,50.469,294,92.208
251.62,52.258,293.82,93.563
259.38,56.094,300.44,96.275
275.6,55.663,315.94,95.144
275.48,41.071,314.43,79.185
274.48,36.01,313.16,73.868
269.64,51.524,307.74,88.813
266.22,65.735,303.09,101.81
259.23,71.256,295.27,106.52
261.4,42.883,293.22,73.933
264.73,20.538,296.52,51.564
NaN,NaN,NaN,NaN
NaN,NaN,NaN,NaN
NaN,NaN,NaN,NaN
NaN,NaN,NaN,NaN
NaN,NaN,NaN,NaN
NaN,NaN,NaN,NaN
NaN,NaN,NaN,NaN
NaN,NaN,NaN,NaN
264.73,20.538,296.52,51.564
265.74,23.141,297.13,53.774
262.76,24.615,294.01,55.111
268.9,24.051,299.84,54.246
292.69,19.811,323.28,49.666
297.48,7.7594,327.77,37.326
297.04,15.268,327,44.502
290.07,25.373,319.49,54.084
287.31,12.491,316.67,41.148
287.31,12.491,316.67,41.148
277.25,21.408,300.74,44.186
275.85,22.748,299.64,45.828
279.76,10.959,304.39,34.846
NaN,NaN,NaN,NaN
NaN,NaN,NaN,NaN
NaN,NaN,NaN,NaN
NaN,NaN,NaN,NaN
303.76,4.9593,328.39,28.846
294.94,26.219,317.98,48.561
292.64,37.022,315.22,58.92
293.13,61.109,314.85,82.174
292.11,74.462,313.73,95.424
285.37,96.092,307.06,117.13
282.03,97.642,304.04,118.99
282.38,94.314,304.37,115.64
282.41,78.837,304.02,99.79
277.86,60.527,299.22,81.24
271.57,50.034,293.34,71.138
267.43,48.74,289.25,69.9
261.04,50.968,283,72.27
260.86,68.993,282.88,90.35
267.51,118.34,290.32,140.81
272.16,141.93,294.95,164.37
275.06,158.37,297.87,180.83
281.22,126.36,304.49,149.29
287.19,114.99,310.48,137.94
293.27,93.727,316.62,116.72
294.89,71.661,318.23,94.645
285.1,35.27,308.96,58.772
295.64,32.207,319.92,56.122
302.75,27.838,327.01,51.734
310.64,36.652,334.73,60.379
312.49,33.099,337.67,57.899
313.59,39.159,338.8,63.997
310.82,58.258,336.41,83.467
308.45,61.933,334.34,87.433
304.2,71.444,331.09,97.933
296.43,77.281,323.47,103.93
292.2,71.632,319.36,98.388
280.26,65.213,308.04,92.571
275.37,61.9,303.13,89.248
271.11,55.582,299.27,83.318
269.46,59.294,297.59,87.008
263.01,65.726,287.23,89.53
257.41,84.262,281.59,108.03
255.69,90.101,279.96,113.95
256.57,98.223,280.97,122.2
253.09,101.94,277.55,125.98
252.4,95.535,277.12,119.83
251.63,100,276.3,124.25
247.44,104.37,272.21,128.71
234.21,89.689,259.13,114.17
231.6,92.213,256.56,116.75
232.6,117.44,257.7,142.11
234.49,122.23,259.89,147.19
236.81,91.583,262.58,116.91
243.12,93.791,269.09,119.31
241.12,99.029,267.09,124.55
232.57,92.039,258.66,117.67
229.27,98.579,255.48,124.34
227.9,109.63,253.99,135.27
225.17,118.57,251.19,144.13
225.34,109.88,251.44,135.53
222.25,107.22,248.49,133.01
225.68,110.83,252.33,137.02
225.83,111.4,252.72,137.83
223.14,106.86,250.4,133.65
214.27,84.401,242.7,112.34
219.73,88.515,249.24,117.51
228.21,62.221,266.07,99.568
233.99,53.5,272.39,91.377
245.18,73.418,284.16,111.87
257.55,101.03,296.54,139.49
260.95,115.05,299.87,153.44
267.13,130.19,306.22,168.75
262.34,111.51,302.35,150.97
257.29,99.847,297.51,139.53
249.09,80.346,290.23,120.93
245.72,72.35,286.95,113.02
240.73,59.774,282.1,100.59
238.22,59.373,279.55,100.15
233.08,63.865,274.4,104.62
233.78,59.06,274.78,99.507
238.46,52.498,279.63,93.113
239.42,60.419,280.4,100.84
237.04,96.708,277.88,137
237.95,113.39,278.91,153.8
240.18,141.3,281.14,181.7
248.83,180.03,288.42,219.08
248.71,191.24,288.34,230.33
240.88,190.42,279.88,228.9
229.99,182.82,268.64,220.95
219.86,164.53,257.98,202.13
216.91,150.27,254.71,187.56
226.83,134.78,264.3,171.74
244.61,123.01,281.99,159.88
250.93,120.13,288.19,156.89
256.49,123.55,293.3,159.87
254.93,94.63,291.5,130.7
258.59,58.856,294.82,94.594
256.3,46.848,292.42,82.482
261.52,5.6905,297.86,41.533
NaN,NaN,NaN,NaN
261.52,5.6905,297.86,41.533
272.25,14.646,307.73,49.652
280.15,12.996,315.08,47.452
282.3,23.034,316.69,56.957
289.97,47.514,323.42,80.513
308.52,55.362,341.76,88.153
309.9,78.065,343.59,111.3
308.74,80.821,343.47,115.08
303.24,73.025,339.19,108.48
307.49,95.802,345.23,133.04
309.32,112.01,347.6,149.78
308.17,135.45,345.56,172.33
304.88,145.66,341.7,181.98
302.01,159.1,338.77,195.37
301.93,163.53,338.62,199.72
303.74,162.59,340.52,198.88
299.54,145.22,336.4,181.58
299.56,112.42,336.88,149.24
305.74,96.746,343.14,133.63
309.18,92.504,346.45,129.26
303.9,70.59,341.06,107.24
290.95,36.921,328.38,73.843
NaN,NaN,NaN,NaN
NaN,NaN,NaN,NaN
NaN,NaN,NaN,NaN
NaN,NaN,NaN,NaN
NaN,NaN,NaN,NaN
NaN,NaN,NaN,NaN
281.46,3.6823,317.92,39.651
284.91,36.388,321.09,72.084
287.57,41.266,323.8,77.003
286.68,19.175,323.68,55.665
301.15,9.4785,338.94,46.754
305.18,10.353,342.79,47.456
295.86,9.4552,333.39,46.476
280.79,15.497,317.46,51.661
276.4,24.006,312.9,60.011
275.22,41.334,311.27,76.894
274.24,56.385,310.1,91.761
270.5,62.469,305.41,96.899
266.33,69.457,300.93,103.59
266.21,44.702,300.59,78.609
NaN,NaN,NaN,NaN
NaN,NaN,NaN,NaN
NaN,NaN,NaN,NaN
NaN,NaN,NaN,NaN
NaN,NaN,NaN,NaN
NaN,NaN,NaN,NaN
NaN,NaN,NaN,NaN
NaN,NaN,NaN,NaN
NaN,NaN,NaN,NaN
NaN,NaN,NaN,NaN
NaN,NaN,NaN,NaN
NaN,NaN,NaN,NaN
NaN,NaN,NaN,NaN
NaN,NaN,NaN,NaN
NaN,NaN,NaN,NaN
290.57,10.335,318.35,37.655
312.21,39.672,339.66,66.661
323.19,6.0304,350.39,32.779
331.29,4.9906,358.35,31.602
350.61,6.2699,377.62,32.828
NaN,NaN,NaN,NaN
NaN,NaN,NaN,NaN
392.52,13.936,424.11,45.073
385.8,40.398,417.26,71.401
380.44,42.665,412.2,73.965
388.14,32.473,420,63.874
NaN,NaN,NaN,NaN
NaN,NaN,NaN,NaN
NaN,NaN,NaN,NaN
NaN,NaN,NaN,NaN
NaN,NaN,NaN,NaN
NaN,NaN,NaN,NaN
NaN,NaN,NaN,NaN
NaN,NaN,NaN,NaN
NaN,NaN,NaN,NaN
359.81,9.5655,391.93,41.223
361.68,17.623,393.7,49.18
362.88,22.578,394.75,53.993
360.56,19.342,392.67,50.99
359.25,7.7109,391.33,39.331
361.42,18.607,393.14,49.867
366.18,69.052,396.84,99.268
367.75,98.011,398.06,127.88
377.91,118.58,408.49,148.72
377.85,106.22,408.56,136.49
371.05,117.19,401.87,147.56
349.64,144.71,380.03,174.66
347.85,159.24,378.16,189.11
353.9,162.54,384.56,192.75
355.72,169.27,386.41,199.51
354.25,187.47,384.96,217.74
352.16,190.83,383.02,221.24
351.6,179.75,382.3,210
347.92,176.29,378.64,206.57
341.4,171.93,371.91,202
337.65,167.45,368.29,197.64
335.42,155.74,365.92,185.8
333.08,148.06,363.21,177.75
328.38,141.09,358.64,170.92
324.83,134.28,355.26,164.26
324.82,116.48,355.46,146.67
326.01,112.19,356.68,142.41
328.98,115.98,359.68,146.24
324.46,97.392,355.1,127.59
333.66,92.58,364.6,123.08
325.86,90.01,356.82,120.53
323.79,84.14,353.77,113.69
318.16,80.754,347.86,110.03
312.1,95.04,341.15,123.66
302.31,102.9,331.42,131.59
298.89,106.93,328.1,135.72
284.78,107.26,314.26,136.32
281.66,101.64,311.69,131.22
285.94,108.09,316.23,137.94
291.22,124.01,321.98,154.33
290.01,121.08,321.07,151.69
284.27,107.18,317.61,140.06
292.97,79.401,327.35,113.31
302.3,65.784,336.84,99.858
306.65,70.053,341.35,104.29
308.59,85.165,344.19,120.28
306.29,87.699,342.03,122.95
305.04,94.537,341.27,130.27
304.3,100.59,340.93,136.73
300.44,102.23,337.17,138.47
286.08,74.252,323.4,111.07
294.57,79.045,332.4,116.36
289.06,90.993,326.76,128.18
296.2,75.72,338.85,117.85
305.95,62.853,350.15,106.52
311.47,66.371,356.03,110.39
321.18,90.426,366.09,134.78
326.06,100.23,371.06,144.68
333.06,95.226,379.47,141.07
338.04,91.085,385.59,138.05
341.54,97.527,390.3,145.69
338.28,90.374,387.35,138.84
338.43,71.673,388.02,120.65
339.19,67.411,389.81,117.41
337.43,67.269,388.2,117.42
333.09,67.385,384.18,117.85
333.07,63.437,384.52,114.26
334.96,63.189,387.42,115.01
331.76,80.848,385.24,133.68
316.88,81.743,370.4,134.61
315.94,78.276,370.25,131.92
320.8,80.306,375.81,134.65
341.06,77.125,396.91,132.29
354.14,63.053,410.95,119.16
360.35,54.833,417.94,111.72
356.79,44.114,424.93,111.54
358.24,43.317,426.83,111.19
349.74,50.544,417.95,118.04
340.61,61.459,409.12,129.25
335.15,64.339,403.25,131.73
334.59,63.897,402.66,131.27
346.73,64.652,414.98,132.19
351.08,65.623,419.69,133.51
351.93,71.084,419.38,137.84
337.22,68.403,403.25,133.74
318.37,74.811,383.57,139.33
303.93,87.628,367.73,150.76
297.04,84.894,360.11,147.31
277.79,52.924,340.17,114.66
270.58,15.585,332.15,76.516
279.48,9.9648,340.76,70.605
297.03,27.828,356.37,86.549
290.71,34.287,349.24,92.199
268.32,41.504,324.03,96.629
285.24,48.641,339.73,102.56
286.65,54.479,340.58,107.85
283.56,45.685,335.73,97.302
286.1,42.224,329.58,85.165
280.64,28.269,322.8,69.905
280.54,30.53,321.59,71.07
274.39,30.175,314.31,69.6
NaN,NaN,NaN,NaN
NaN,NaN,NaN,NaN
NaN,NaN,NaN,NaN
NaN,NaN,NaN,NaN
NaN,NaN,NaN,NaN
NaN,NaN,NaN,NaN
NaN,NaN,NaN,NaN
NaN,NaN,NaN,NaN
NaN,NaN,NaN,NaN
239.67,5.1057,273.22,38.166
249.04,13.4,281.82,45.706
NaN,NaN,NaN,NaN
NaN,NaN,NaN,NaN
NaN,NaN,NaN,NaN
287.63,6.4457,314.13,32.474
288.97,34.031,315.34,59.934
285.63,40.823,311.98,66.7
284.49,51.459,311.04,77.534
283.13,73.519,313.02,102.94
280.08,86.892,310.18,116.52
275.79,76.401,305.97,106.12
270.76,30.708,302.32,61.779
269.94,11.551,301.62,42.747
281.12,12.852,313.11,44.35
290.08,14.919,322.42,46.759
291.75,3.1593,324.45,35.354
NaN,NaN,NaN,NaN
277.75,3.1593,310.45,35.354
271.56,15.704,304.35,47.987
261.8,19.801,294.31,51.803
258.5,24.552,290.78,56.332
261.21,34.901,293.38,66.571
264.07,47.407,293.3,76.159
257.61,57.033,286.72,85.65
277.43,60.211,306.38,88.679
284.12,44.493,313.69,73.575
297.77,46.957,331.44,80.068
295.66,49.019,329.05,81.859
294.35,36.233,327.67,69.002
293.01,52.146,325.8,84.395
293.34,62.894,326.04,95.049
297.43,76.625,330.17,108.83
307.66,76.899,340.49,109.19
NaN,NaN,NaN,NaN
NaN,NaN,NaN,NaN
NaN,NaN,NaN,NaN
NaN,NaN,NaN,NaN
NaN,NaN,NaN,NaN
NaN,NaN,NaN,NaN
NaN,NaN,NaN,NaN
NaN,NaN,NaN,NaN
NaN,NaN,NaN,NaN
NaN,NaN,NaN,NaN
NaN,NaN,NaN,NaN
NaN,NaN,NaN,NaN
NaN,NaN,NaN,NaN
NaN,NaN,NaN,NaN
NaN,NaN,NaN,NaN
NaN,NaN,NaN,NaN
NaN,NaN,NaN,NaN
NaN,NaN,NaN,NaN
NaN,NaN,NaN,NaN
NaN,NaN,NaN,NaN
NaN,NaN,NaN,NaN
NaN,NaN,NaN,NaN
NaN,NaN,NaN,NaN
NaN,NaN,NaN,NaN
NaN,NaN,NaN,NaN
NaN,NaN,NaN,NaN
NaN,NaN,NaN,NaN
NaN,NaN,NaN,NaN
NaN,NaN,NaN,NaN
NaN,NaN,NaN,NaN
NaN,NaN,NaN,NaN
NaN,NaN,NaN,NaN
NaN,NaN,NaN,NaN
NaN,NaN,NaN,NaN
NaN,NaN,NaN,NaN
NaN,NaN,NaN,NaN
NaN,NaN,NaN,NaN
NaN,NaN,NaN,NaN
NaN,NaN,NaN,NaN
NaN,NaN,NaN,NaN
NaN,NaN,NaN,NaN
NaN,NaN,NaN,NaN
NaN,NaN,NaN,NaN
NaN,NaN,NaN,NaN
NaN,NaN,NaN,NaN
NaN,NaN,NaN,NaN
NaN,NaN,NaN,NaN
NaN,NaN,NaN,NaN
NaN,NaN,NaN,NaN
NaN,NaN,NaN,NaN
NaN,NaN,NaN,NaN
NaN,NaN,NaN,NaN
NaN,NaN,NaN,NaN
NaN,NaN,NaN,NaN
NaN,NaN,NaN,NaN
NaN,NaN,NaN,NaN
NaN,NaN,NaN,NaN
NaN,NaN,NaN,NaN
NaN,NaN,NaN,NaN
NaN,NaN,NaN,NaN
NaN,NaN,NaN,NaN
NaN,NaN,NaN,NaN
NaN,NaN,NaN,NaN
NaN,NaN,NaN,NaN
NaN,NaN,NaN,NaN
NaN,NaN,NaN,NaN
NaN,NaN,NaN,NaN
NaN,NaN,NaN,NaN
NaN,NaN,NaN,NaN
NaN,NaN,NaN,NaN
NaN,NaN,NaN,NaN
NaN,NaN,NaN,NaN
NaN,NaN,NaN,NaN
NaN,NaN,NaN,NaN
NaN,NaN,NaN,NaN
NaN,NaN,NaN,NaN
299.66,88.899,336.49,125.19
301.73,105.86,339.83,143.39
302.28,109.5,340.45,147.11
297.31,105.69,335.58,143.39
293.67,99.83,331.97,137.56
293.05,97.036,331.61,135.03
292.53,93.953,331.34,132.2
292.61,91.895,332.4,131.1
296.39,92.398,336.68,132.09
296.24,101.24,336.88,141.28
297.58,111.81,338.15,151.78
292.82,104.86,334.25,145.68
288.26,89.364,330.21,130.69
278.54,88.584,321.51,130.92
277.94,98.307,321.38,141.11
274.71,83.951,319.75,128.33
277.02,66.096,322.79,111.19
291.31,63.223,338.72,109.93
304.87,74.077,354.24,122.72
303.98,71.064,354.29,120.63
314.36,78.003,365.54,128.43
324.3,95.637,377.09,147.65
333.76,101.65,388.3,155.39
334.43,103.33,389.67,157.76
321.78,96.426,377.42,151.25
319.79,91.661,375.74,146.79
312.78,81.652,369.53,137.57
305.28,71.43,362.35,127.66
280,44.669,336.97,100.8
276.16,21.964,333.35,78.314
NaN,NaN,NaN,NaN
276.16,21.964,333.35,78.314
288.07,21.387,346.81,79.319
296.23,27.698,354.13,84.81
312.31,20.103,369.53,76.531
NaN,NaN,NaN,NaN
334.37,5.5343,393.21,63.654
318.31,26.017,373.11,80.151
309.08,28.842,363.13,82.232
313.51,34.51,366.5,86.851
310.44,42.652,362.51,94.083
307.27,47.254,358.77,98.123
294.09,40.702,344.66,90.659
287.01,32.831,333.11,78.311
280.17,30.495,324.78,74.506
278.12,34.531,321.35,77.189
276.95,34.5,320.34,77.313
273.1,30.967,316.35,73.634
261.53,40.247,303.51,81.663
237.54,40.994,274.6,77.501
237.19,35.19,274.2,71.655
254.12,23.702,290.48,59.521
283.83,27.984,319.83,63.448
290.31,38.09,325.88,73.132
294.55,44.305,329.91,79.139
300.53,74.51,334.6,108.08
301.86,92.316,335.42,125.38
298.55,97.634,331.59,130.18
275.23,69.868,307.64,101.8
269.68,60.854,302.02,92.72
267.39,60.57,299.43,92.131
273.25,53.431,305.01,84.717
275.5,48.665,307.15,79.845
279.31,44.075,310.77,75.065
284.18,49.788,313.49,78.628
293.33,58.069,322.28,86.554
309.23,50.686,338.33,79.316
320.65,48.614,349.7,77.198
335.73,47.976,364.47,76.258
331.95,43.754,360.5,71.852
318.73,41.548,346.83,69.204
314.09,46.158,342.08,73.703
316.29,56.472,343.71,83.452
319.7,67.915,347.04,94.821
323.13,68.514,350.54,95.491
317.12,49.433,344.72,76.598
315.98,38.94,343.74,66.26
324.26,40.16,352.22,67.671
335.91,47.576,363.93,75.156
333.15,43.378,361.4,71.179
328.54,40.859,356.79,68.661
329.81,68.646,357.9,96.29
334.34,83.526,362.46,111.2
337.3,93.252,365.43,120.94
335.78,82.576,362.02,108.37
330.46,73.027,356.72,98.839
321.57,57.81,348.74,84.516
311.02,50.127,338.19,76.838
305.85,58.644,333.36,85.689
305.1,66.326,332.65,93.405
297.22,72.279,325.16,99.743
288.35,65.872,316.73,93.768
283.34,60.53,312.02,88.723
278.6,53.22,307.8,81.916
278.95,55.114,308.12,83.796
280.42,58.941,310.34,88.349
283.39,65.33,313.33,94.762
287.88,76.515,318.03,106.15
285.94,74.646,316.34,104.52
282.54,74.133,313.24,104.31
279.95,75.523,310.79,105.83
269.1,69.933,299.97,100.28
254.27,58.946,285.63,89.774
251.45,63.905,283.18,95.094
250.57,86.988,282.88,118.75
250.96,104.3,283.23,136.04
250.94,127.12,283.39,159.02
245.55,120.99,282.22,157.11
247.42,119.53,284.24,155.79
252.86,152.18,290.2,188.95
256.35,168.48,294.8,206.35
254.65,162.42,293.43,200.62
254.87,140.68,294.9,180.1
257.24,145.57,297.68,185.4
256.87,153.89,298.02,194.41
253.34,155.89,294.98,196.91
240.78,143.88,282.79,185.26
234.99,132.15,281.17,177.7
236.97,127.45,283.49,173.33
246.47,123.76,293.75,170.39
240.62,106.54,294.02,159.29
234,88.728,288.04,142.11
226.61,62.837,281.72,117.27
228.1,57.164,283.6,111.98
223.29,52.038,280.02,108.07
212.04,46.292,269.48,103.03
183,29.998,241.97,88.243
167.27,29.293,226.04,87.348
163.17,31.814,221.58,89.506
158.79,34.469,216.88,91.854
154.39,39.795,212.47,97.163
168.46,40.962,226.88,98.665
178.04,47.176,236.12,104.55
199.56,49.594,257.23,106.57
208.96,41.164,266.57,98.076
229.98,22.441,286.98,78.738
232.93,25.613,288.54,80.545
224.78,26.391,279.65,80.592
NaN,NaN,NaN,NaN
NaN,NaN,NaN,NaN
NaN,NaN,NaN,NaN
NaN,NaN,NaN,NaN
126.38,12.661,180.5,66.174
131.74,12.249,185.33,65.236
131.89,4.6526,185.31,57.468
118.06,13.091,171.2,65.627
118.44,45.411,170.08,96.463
124.54,51.787,175.27,101.94
134.64,52.188,183.66,100.65
138.9,39.933,187.62,88.1
149.75,47.004,197.91,94.617
159.37,53.902,207.75,101.74
174.03,28.927,222.99,77.33
172.03,2.9275,216.99,47.33
171.33,14.776,212.79,55.701
173.96,29.935,215.01,70.447
179.54,39.579,220,79.507
196.49,33.798,236.76,73.552
214.75,8.8216,254.65,48.203
214.36,14.313,254.24,53.676
205.92,60.252,243.03,96.853
200.98,74.207,237.74,110.46
190.7,39.471,227.08,75.354
184.78,32.039,221.72,68.474
196.93,60.342,233.17,96.084
206.59,62.945,242.83,98.692
200.12,39.101,236.81,75.296
197.27,21.221,234.49,57.932
195.97,27.778,232.93,64.225
199.43,40.156,236.3,76.517
194.72,31.179,231.72,67.668
197.49,5.6566,234.44,42.093
203.14,12.613,240.08,49.054
224.51,43.095,259.63,77.733
234.19,42.487,269.15,76.968
216.57,28.695,251.6,63.246
223,47.407,257.89,81.819
240.96,76.192,273.82,108.6
242.16,40.495,275.42,73.296
237.81,22.477,271.02,55.229
NaN,NaN,NaN,NaN
233.32,10.138,266.71,42.895
233.14,29.198,265.45,60.895
228.26,5.8647,260.76,37.745
NaN,NaN,NaN,NaN
NaN,NaN,NaN,NaN
NaN,NaN,NaN,NaN
269.11,44.218,305.83,80.343
261.99,52.712,298.75,88.873
234.5,31.995,271.33,68.227
258.45,16.492,296.4,53.825
278.46,37.907,316.92,75.745
276.99,55,315.34,92.724
257.64,66.483,295.78,104
284.38,43.076,324.6,82.638
279.74,50.872,319.87,90.349
268.68,68.621,309.9,109.18
263.5,70,306.15,111.97
258.71,60.347,302.72,103.65
259.62,50.205,306.14,95.975
268.1,38.458,316.3,85.881
280.35,9.3453,331.24,59.423
NaN,NaN,NaN,NaN
NaN,NaN,NaN,NaN
NaN,NaN,NaN,NaN
NaN,NaN,NaN,NaN
NaN,NaN,NaN,NaN
NaN,NaN,NaN,NaN
NaN,NaN,NaN,NaN
NaN,NaN,NaN,NaN
NaN,NaN,NaN,NaN
NaN,NaN,NaN,NaN
NaN,NaN,NaN,NaN
NaN,NaN,NaN,NaN
348.74,22.995,410.82,84.46
353.74,37.995,413.82,97.46
NaN,NaN,NaN,NaN
NaN,NaN,NaN,NaN
NaN,NaN,NaN,NaN
NaN,NaN,NaN,NaN
NaN,NaN,NaN,NaN
NaN,NaN,NaN,NaN
378.74,90.995,448.82,160.46
385.42,67.093,456.14,137.19
391.88,38.186,463.82,109.49
396,19.806,468.53,91.695
NaN,NaN,NaN,NaN
NaN,NaN,NaN,NaN
NaN,NaN,NaN,NaN
NaN,NaN,NaN,NaN
NaN,NaN,NaN,NaN
NaN,NaN,NaN,NaN
NaN,NaN,NaN,NaN
NaN,NaN,NaN,NaN
NaN,NaN,NaN,NaN
NaN,NaN,NaN,NaN
NaN,NaN,NaN,NaN
377.69,38.133,429.42,89.263
369.9,52.744,421.79,104.06
350.83,65.512,399.34,113.48
337.38,67.921,385.42,115.42
333.07,64.816,381,112.21
331.34,59.07,379.44,106.63
329.82,68.987,374.67,113.29
330.07,81.136,374.71,125.24
331.66,87.332,375.63,130.77
330.84,92.043,375.34,136
327.77,91.269,371.86,134.83
319.07,85.578,363.15,129.12
317.24,79.356,356.54,118.13
306.78,69.539,346.09,108.33
306.17,58.506,345.96,97.759
309.56,48.136,349.44,87.481
307.86,20.865,348.14,60.613
312.79,11.877,353.3,51.847
317.88,11.765,358.39,51.734
321.43,25.829,362.01,65.86
320.96,39.636,360.85,78.984
316.65,56.015,352.27,91.095
313.58,58.595,349.17,93.657
309.12,76.034,344.57,110.96
303.49,91.491,338.95,126.42
287.79,104.59,323.43,139.7
268.57,96.032,304.5,131.43
259.39,90.129,295.42,125.62
241.73,93.453,278.29,129.47
234.27,107.99,271.6,144.75
233.73,112.01,271.45,149.17
234.52,113.73,272.24,150.89
236.75,129.82,275.43,167.93
237.82,136.18,276.68,174.47
239.28,137.62,278.18,175.95
247.77,131.44,286.17,169.27
260.06,133.73,298.68,171.77
273.54,138.12,312.19,176.19
273.32,126.87,312.54,165.51
259.82,115.72,299.19,154.51
263.07,118.98,302.55,157.87
261.66,124.12,301.47,163.34
270.61,126.11,310.57,165.48
254.12,86.905,294.49,126.68
232.19,42.637,273.31,83.149
215.68,75.944,256.23,115.89
213.43,125.33,253.37,164.67
213.65,134.57,253.55,173.87
230.67,133.53,271.07,173.32
251.02,141.83,291.48,181.68
261.52,136.21,302.53,176.61
265.56,124.04,306.69,164.56
271.48,102.06,313.04,143.01
283.84,98.173,325.95,139.65
294.65,99.598,337.2,141.51
296.14,101.43,338.92,143.57
302.93,104.98,345.92,147.34
306,108.34,349.28,150.98
317.47,104.73,361.06,147.66
318.98,99.499,362.8,142.68
318.95,94.929,362.82,138.15
316.51,85.159,360.68,128.67
313.1,81.772,357.28,125.3
306.17,90.391,350.47,134.03
305.38,96.329,349.71,140
305.07,109.8,349.7,153.77
305.3,124.87,349.92,168.83
311.28,154.66,356.44,199.16
312.39,168.83,358.11,213.87
320.07,190.68,366.37,236.3
314.42,201.43,361.02,247.33
318.88,201.2,366.49,248.1
322.98,194.66,370.78,241.76
301.35,150.57,353.82,201.97
302.95,110.43,355.44,161.84
277.72,58.803,331.39,111.38
276.52,40.589,331.64,94.587
278.23,43.459,333.69,97.793
290.87,51.873,346.4,106.27
309.77,27.458,367.32,83.839
324.26,17.151,382.95,74.65
327.85,25.014,386.34,82.313
330.55,35.573,389.11,92.947
323.32,5.0821,383.14,63.689
323.32,5.0821,383.14,63.689
321.89,10.876,381.47,69.244
321.49,23.057,380.53,80.895
320.71,25.948,379.65,83.689
319.53,17.652,379.23,76.139
315.57,7.1836,375.46,65.861
315.99,10.328,376.11,69.229
315.48,11.01,376.69,70.975
310.84,8.0004,372.52,68.431
NaN,NaN,NaN,NaN
NaN,NaN,NaN,NaN
NaN,NaN,NaN,NaN
NaN,NaN,NaN,NaN
NaN,NaN,NaN,NaN
NaN,NaN,NaN,NaN
NaN,NaN,NaN,NaN
NaN,NaN,NaN,NaN
NaN,NaN,NaN,NaN
310.84,8.0004,372.52,68.431
320.25,19.159,380.83,78.512
NaN,NaN,NaN,NaN
NaN,NaN,NaN,NaN
NaN,NaN,NaN,NaN
NaN,NaN,NaN,NaN
NaN,NaN,NaN,NaN
NaN,NaN,NaN,NaN
320.25,19.159,380.83,78.512
347.82,2.9455,399.27,53.182
348.71,5.1039,399.7,54.898
346.59,15.714,395.92,63.89
335.37,18.563,383.28,65.348
326.9,6.4742,375.95,54.376
322.1,10.131,371.08,57.958
322.1,10.131,371.08,57.958
318.16,11.589,363.05,55.333
313.05,24.802,357.75,68.364
294.99,9.5127,339.25,52.638
NaN,NaN,NaN,NaN
NaN,NaN,NaN,NaN
294.99,9.5127,339.25,52.638
322.99,29.513,363.25,68.638
319.21,29.556,362.71,71.944
316.9,27.021,360.35,69.36
318.09,26.761,361.63,69.192
326.09,28.256,369.44,70.499
333.05,30.473,376.11,72.434
343.06,19.773,385.8,61.419
339.14,2.1877,382.02,43.964
NaN,NaN,NaN,NaN
NaN,NaN,NaN,NaN
NaN,NaN,NaN,NaN
NaN,NaN,NaN,NaN
NaN,NaN,NaN,NaN
327.14,8.1877,370.02,49.964
306.82,49.857,345.36,87.313
300.05,72.77,338.44,110.07
288.35,97.041,326.15,133.77
283.98,95.122,321.77,131.85
277.37,74.504,314.03,110.12
277.33,62.247,313.8,97.689
281.71,52.709,317.5,87.479
292.46,54.984,326.34,87.851
291.81,61.894,325.42,94.502
295.45,83.542,329.49,116.56
298.58,126.08,332.74,159.22
304.92,140.99,339.51,174.54
306.81,139.92,341.6,173.67
312.53,95.147,347.7,129.26
318.84,69.187,353.82,103.13
320.41,69.635,355.23,103.42
321.12,39.922,356.9,74.626
318.46,19.913,354.64,55.014
NaN,NaN,NaN,NaN
NaN,NaN,NaN,NaN
NaN,NaN,NaN,NaN
NaN,NaN,NaN,NaN
NaN,NaN,NaN,NaN
NaN,NaN,NaN,NaN
NaN,NaN,NaN,NaN
298.46,1.9131,334.64,37.014
292.84,5.996,326.51,38.544
286.62,13.728,320.29,46.268
289.96,26.85,324.03,59.78
292.12,19.21,326.96,52.894
306.04,28.823,339.78,60.917
NaN,NaN,NaN,NaN
NaN,NaN,NaN,NaN
NaN,NaN,NaN,NaN
288.04,6.8226,321.78,38.917
288.99,8.4442,322.59,40.403
283.9,2.1181,318.05,34.6
NaN,NaN,NaN,NaN
NaN,NaN,NaN,NaN
NaN,NaN,NaN,NaN
NaN,NaN,NaN,NaN
NaN,NaN,NaN,NaN
NaN,NaN,NaN,NaN
289.9,12.118,324.05,44.6
291.66,23.413,325.51,55.609
299.8,62.385,333.2,94.156
312.6,41.249,346.37,73.372
308.84,3.9217,342.81,36.232
NaN,NaN,NaN,NaN
NaN,NaN,NaN,NaN
NaN,NaN,NaN,NaN
NaN,NaN,NaN,NaN
NaN,NaN,NaN,NaN
NaN,NaN,NaN,NaN
NaN,NaN,NaN,NaN
NaN,NaN,NaN,NaN
NaN,NaN,NaN,NaN
NaN,NaN,NaN,NaN
NaN,NaN,NaN,NaN
NaN,NaN,NaN,NaN
298.84,15.922,332.81,48.232
296.29,38.08,330.35,70.473
NaN,NaN,NaN,NaN
NaN,NaN,NaN,NaN
294.29,24.08,332.35,60.473
276.65,13.444,311.21,46.316
275.87,10.11,310.74,43.283
NaN,NaN,NaN,NaN
NaN,NaN,NaN,NaN
NaN,NaN,NaN,NaN
NaN,NaN,NaN,NaN
NaN,NaN,NaN,NaN
NaN,NaN,NaN,NaN
NaN,NaN,NaN,NaN
NaN,NaN,NaN,NaN
NaN,NaN,NaN,NaN
278.87,33.11,323.74,76.283
295.23,40.09,335.32,78.423
288.18,24.87,328.56,63.484
NaN,NaN,NaN,NaN
NaN,NaN,NaN,NaN
NaN,NaN,NaN,NaN
NaN,NaN,NaN,NaN
NaN,NaN,NaN,NaN
NaN,NaN,NaN,NaN
NaN,NaN,NaN,NaN
NaN,NaN,NaN,NaN
NaN,NaN,NaN,NaN
NaN,NaN,NaN,NaN
NaN,NaN,NaN,NaN
NaN,NaN,NaN,NaN
NaN,NaN,NaN,NaN
NaN,NaN,NaN,NaN
NaN,NaN,NaN,NaN
NaN,NaN,NaN,NaN
NaN,NaN,NaN,NaN
379.18,5.8704,429.56,54.484
384.38,3.2517,425.2,42.288
NaN,NaN,NaN,NaN
NaN,NaN,NaN,NaN
NaN,NaN,NaN,NaN
NaN,NaN,NaN,NaN
NaN,NaN,NaN,NaN
353.38,8.2517,400.2,53.288
344.81,14.413,397.38,65.199
318.45,32.112,371.34,83.207
288.45,37.932,341.41,89.096
226.81,47.999,279.3,98.713
213.73,36.366,266.4,87.249
176.39,30.219,228.89,80.942
140.38,72.24,193.23,123.3
120.96,100.71,173.59,151.55
92.489,133.82,145.77,185.29
83.393,137.17,136.6,188.58
100.55,154.93,153.68,206.26
153.25,149.15,199.29,193.3
207.47,119.38,254.39,164.36
239.65,82.068,287.46,127.92
255.4,74.181,303.52,120.32
280.07,74.366,328.34,120.66
287.16,69.604,335.41,115.86
292.53,55.918,341.32,102.71
292.71,50.091,341.77,97.134
291.83,38.527,340.57,85.26
295.34,45.746,344.27,92.672
306.43,60.076,355.31,106.95
306.78,45.805,356.37,93.36
303.9,32.392,353.82,80.256
299.52,40.905,349.38,88.715
300.47,57.515,350.18,105.18
288.2,61.383,337.84,108.98
288.96,66.115,339.06,114.15
291.21,68.826,342.36,117.88
296.49,67.109,348.34,116.83
298.39,50.108,350.99,100.55
303.35,19.039,357.03,70.518
NaN,NaN,NaN,NaN
NaN,NaN,NaN,NaN
NaN,NaN,NaN,NaN
NaN,NaN,NaN,NaN
NaN,NaN,NaN,NaN
NaN,NaN,NaN,NaN
NaN,NaN,NaN,NaN
NaN,NaN,NaN,NaN
NaN,NaN,NaN,NaN
NaN,NaN,NaN,NaN
NaN,NaN,NaN,NaN
NaN,NaN,NaN,NaN
NaN,NaN,NaN,NaN
NaN,NaN,NaN,NaN
NaN,NaN,NaN,NaN
NaN,NaN,NaN,NaN
NaN,NaN,NaN,NaN
NaN,NaN,NaN,NaN
NaN,NaN,NaN,NaN
NaN,NaN,NaN,NaN
NaN,NaN,NaN,NaN
NaN,NaN,NaN,NaN
NaN,NaN,NaN,NaN
NaN,NaN,NaN,NaN
NaN,NaN,NaN,NaN
NaN,NaN,NaN,NaN
NaN,NaN,NaN,NaN
NaN,NaN,NaN,NaN
NaN,NaN,NaN,NaN
NaN,NaN,NaN,NaN
268.35,10.039,308.03,47.518
280.71,10.894,317.83,45.754
269.05,3.0441,306.37,38.093
NaN,NaN,NaN,NaN
NaN,NaN,NaN,NaN
NaN,NaN,NaN,NaN
NaN,NaN,NaN,NaN
NaN,NaN,NaN,NaN
NaN,NaN,NaN,NaN
NaN,NaN,NaN,NaN
NaN,NaN,NaN,NaN
NaN,NaN,NaN,NaN
NaN,NaN,NaN,NaN
NaN,NaN,NaN,NaN
253.05,1.0441,290.37,36.093
261.6,10.349,298.86,45.335
260.58,5.5266,297.79,40.47
263.63,14.819,300.88,49.8
265.78,23.947,302.96,58.863
261.59,40.357,298.71,75.219
256.16,41.119,293.26,75.962
244.51,31.637,281.88,66.731
242.73,21.441,280.22,56.654
236.73,1.4408,274.22,36.654
213.93,2.4454,251.75,37.965
NaN,NaN,NaN,NaN
190.35,12.251,227.86,47.474
192.25,24.321,229.44,59.24
196.69,20.545,233.8,55.398
201.98,17.304,239.57,52.606
223.78,31.685,261.4,67.017
235.45,36.751,273.18,72.189
249.92,25.541,288.06,61.357
247.07,4.6533,285.15,40.414
NaN,NaN,NaN,NaN
NaN,NaN,NaN,NaN
NaN,NaN,NaN,NaN
NaN,NaN,NaN,NaN
NaN,NaN,NaN,NaN
NaN,NaN,NaN,NaN
NaN,NaN,NaN,NaN
NaN,NaN,NaN,NaN
NaN,NaN,NaN,NaN
NaN,NaN,NaN,NaN
NaN,NaN,NaN,NaN
NaN,NaN,NaN,NaN
NaN,NaN,NaN,NaN
NaN,NaN,NaN,NaN
NaN,NaN,NaN,NaN
NaN,NaN,NaN,NaN
NaN,NaN,NaN,NaN
NaN,NaN,NaN,NaN
NaN,NaN,NaN,NaN
NaN,NaN,NaN,NaN
263.07,10.653,301.15,46.414
265.37,18.391,306.04,56.715
254.82,37.422,299.15,79.072
253.37,54.391,294.04,92.715
252.52,77.532,293.38,116.02
248.22,68.582,289.46,107.44
244.63,56.821,285.75,95.558
256.56,53.139,299.38,93.492
265.54,62.111,308.79,102.86
286.85,71.549,329.77,111.99
287.35,58.106,329.31,97.642
282.61,59.072,324.35,98.405
281.98,65.509,324.11,105.21
275.15,79.165,316.93,118.53
268.32,59.468,311.19,99.859
282.85,22.428,326.3,63.37
NaN,NaN,NaN,NaN
NaN,NaN,NaN,NaN
NaN,NaN,NaN,NaN
NaN,NaN,NaN,NaN
NaN,NaN,NaN,NaN
NaN,NaN,NaN,NaN
NaN,NaN,NaN,NaN
NaN,NaN,NaN,NaN
NaN,NaN,NaN,NaN
NaN,NaN,NaN,NaN
NaN,NaN,NaN,NaN
NaN,NaN,NaN,NaN
NaN,NaN,NaN,NaN
324.85,18.428,368.3,59.37
299,46.888,338.65,84.016
272.31,51.134,311.82,88.141
255.2,47.281,294.57,84.157
225.5,37.1,265.12,74.203
210.15,31.951,249.78,69.066
205.57,32.988,245.75,70.608
206.41,37.746,246.39,75.183
220.39,53.849,259.68,90.635
229.06,70.714,268.3,107.46
242.37,102.32,280.84,138.34
240.29,80.484,278.91,116.65
235.04,72.345,273.76,108.6
227.83,55.789,266.49,91.992
233.13,14.065,271.58,50.065
249.34,13.757,287.36,49.362
258.89,31.059,296.24,66.025
263.5,48.31,299.89,82.383
260.05,47.778,296.23,81.656
NaN,NaN,NaN,NaN
NaN,NaN,NaN,NaN
NaN,NaN,NaN,NaN
NaN,NaN,NaN,NaN
NaN,NaN,NaN,NaN
NaN,NaN,NaN,NaN
NaN,NaN,NaN,NaN
NaN,NaN,NaN,NaN
NaN,NaN,NaN,NaN
NaN,NaN,NaN,NaN
NaN,NaN,NaN,NaN
NaN,NaN,NaN,NaN
NaN,NaN,NaN,NaN
NaN,NaN,NaN,NaN
NaN,NaN,NaN,NaN
NaN,NaN,NaN,NaN
NaN,NaN,NaN,NaN
NaN,NaN,NaN,NaN
NaN,NaN,NaN,NaN
NaN,NaN,NaN,NaN
NaN,NaN,NaN,NaN
NaN,NaN,NaN,NaN
NaN,NaN,NaN,NaN
NaN,NaN,NaN,NaN
NaN,NaN,NaN,NaN
NaN,NaN,NaN,NaN
NaN,NaN,NaN,NaN
NaN,NaN,NaN,NaN
NaN,NaN,NaN,NaN
NaN,NaN,NaN,NaN
NaN,NaN,NaN,NaN
NaN,NaN,NaN,NaN
NaN,NaN,NaN,NaN
NaN,NaN,NaN,NaN
NaN,NaN,NaN,NaN
NaN,NaN,NaN,NaN
NaN,NaN,NaN,NaN
NaN,NaN,NaN,NaN
NaN,NaN,NaN,NaN
NaN,NaN,NaN,NaN
NaN,NaN,NaN,NaN
NaN,NaN,NaN,NaN
NaN,NaN,NaN,NaN
NaN,NaN,NaN,NaN
NaN,NaN,NaN,NaN
NaN,NaN,NaN,NaN
NaN,NaN,NaN,NaN
NaN,NaN,NaN,NaN
NaN,NaN,NaN,NaN
NaN,NaN,NaN,NaN
NaN,NaN,NaN,NaN
NaN,NaN,NaN,NaN
NaN,NaN,NaN,NaN
NaN,NaN,NaN,NaN
NaN,NaN,NaN,NaN
NaN,NaN,NaN,NaN
NaN,NaN,NaN,NaN
NaN,NaN,NaN,NaN
NaN,NaN,NaN,NaN
NaN,NaN,NaN,NaN
NaN,NaN,NaN,NaN
NaN,NaN,NaN,NaN
NaN,NaN,NaN,NaN
NaN,NaN,NaN,NaN
NaN,NaN,NaN,NaN
NaN,NaN,NaN,NaN
NaN,NaN,NaN,NaN
NaN,NaN,NaN,NaN
NaN,NaN,NaN,NaN
NaN,NaN,NaN,NaN
NaN,NaN,NaN,NaN
NaN,NaN,NaN,NaN
NaN,NaN,NaN,NaN
226.05,83.778,266.23,121.66
218.65,91.38,253.93,124.41
218.88,93.464,253.56,125.94
231.01,106.19,264.15,137.21
235.52,109.41,268.22,140.02
243.7,106.64,275.31,136.24
248.08,106.11,279.25,135.28
255.58,105.23,285.29,133.03
260.95,106.03,289.93,133.16
264.65,105.31,293.49,132.29
272.46,107.07,300.7,133.5
277.52,108.48,305.66,134.81
279.96,111.83,307.77,137.85
275.08,115.99,298.39,137.54
275.23,115.61,298.35,136.99
277.95,117.63,301,138.94
276.61,118.92,299.37,139.96
278.32,117.99,300.33,138.34
278.59,116.93,295.99,132.71
280.21,116.22,297.48,131.89
280.29,116.38,297.08,131.61
272.03,115.9,288.74,131.05
263.66,116.54,280.18,131.51
258.81,118.59,274.96,133.24
NaN,NaN,NaN,NaN
NaN,NaN,NaN,NaN
NaN,NaN,NaN,NaN
NaN,NaN,NaN,NaN
NaN,NaN,NaN,NaN
NaN,NaN,NaN,NaN
NaN,NaN,NaN,NaN
NaN,NaN,NaN,NaN
NaN,NaN,NaN,NaN
NaN,NaN,NaN,NaN
307.81,37.591,333.96,62.241
322.49,28.804,346.87,51.664
330.36,21.245,354.72,44.075
335.61,11.174,360.43,34.44
331.41,14.874,356.41,38.315
322.12,22.467,347.12,45.902
318.13,22.951,343.37,46.618
315.94,32.01,340.81,55.323
313.4,43.833,338.38,67.25
312.3,43.864,337.38,67.377
305.35,26.945,330.93,50.926
304.65,13.818,330.76,38.305
304.65,13.818,330.76,38.305
312.04,6.4371,338.19,30.945
308.59,21.674,334.76,46.21
299.45,12.971,325.84,37.718
295.6,2.1558,322.3,27.188
295.72,8.1205,322.45,33.181
298.64,12.257,325.42,37.361
299.82,10.203,327.2,35.876
305.48,20.806,333.21,46.803
305.11,30.539,332.78,56.484
304.89,46.391,332.34,72.13
307.84,31.598,336.09,58.082
NaN,NaN,NaN,NaN
337.84,1.598,366.09,28.082
337.03,23.007,368.86,53.109
338.73,54.363,370.41,84.317
334.57,52.957,366.27,82.931
329.18,28.754,360.98,58.816
323.15,17.381,354.85,47.359
318.71,21.295,350.59,51.437
313.02,33.214,345.08,63.529
316.8,27.779,348.93,58.158
312.26,20.251,344.36,50.597
318.98,11.071,351.43,41.748
321.54,11.347,354.15,42.184
328.95,4.8377,362.28,36.354
NaN,NaN,NaN,NaN
NaN,NaN,NaN,NaN
NaN,NaN,NaN,NaN
NaN,NaN,NaN,NaN
NaN,NaN,NaN,NaN
308.95,0.83768,342.28,32.354
304.1,8.6025,341.29,43.983
295.23,12.95,332.46,48.375
NaN,NaN,NaN,NaN
NaN,NaN,NaN,NaN
NaN,NaN,NaN,NaN
NaN,NaN,NaN,NaN
NaN,NaN,NaN,NaN
NaN,NaN,NaN,NaN
NaN,NaN,NaN,NaN
NaN,NaN,NaN,NaN
NaN,NaN,NaN,NaN
NaN,NaN,NaN,NaN
NaN,NaN,NaN,NaN
NaN,NaN,NaN,NaN
NaN,NaN,NaN,NaN
383.23,4.9501,420.46,40.375
374.63,8.6693,415.83,48.07
369.79,9.0516,410.94,48.394
381.77,16.8,423.16,56.374
368.61,36.758,409.49,75.848
374.67,31.799,415.74,71.068
358.5,28.737,399.18,67.637
371.94,44.127,413.11,83.496
370.23,44.415,409.98,82.425
368.71,34.848,407.78,72.207
368.23,35.213,407.5,72.756
359.85,9.9173,398.75,47.11
NaN,NaN,NaN,NaN
NaN,NaN,NaN,NaN
NaN,NaN,NaN,NaN
NaN,NaN,NaN,NaN
NaN,NaN,NaN,NaN
NaN,NaN,NaN,NaN
NaN,NaN,NaN,NaN
NaN,NaN,NaN,NaN
NaN,NaN,NaN,NaN
NaN,NaN,NaN,NaN
NaN,NaN,NaN,NaN
NaN,NaN,NaN,NaN
NaN,NaN,NaN,NaN
NaN,NaN,NaN,NaN
NaN,NaN,NaN,NaN
NaN,NaN,NaN,NaN
NaN,NaN,NaN,NaN
NaN,NaN,NaN,NaN
321.85,35.917,360.75,73.11
NaN,NaN,NaN,NaN
NaN,NaN,NaN,NaN
NaN,NaN,NaN,NaN
NaN,NaN,NaN,NaN
NaN,NaN,NaN,NaN
NaN,NaN,NaN,NaN
NaN,NaN,NaN,NaN
NaN,NaN,NaN,NaN
NaN,NaN,NaN,NaN
NaN,NaN,NaN,NaN
NaN,NaN,NaN,NaN
NaN,NaN,NaN,NaN
NaN,NaN,NaN,NaN
NaN,NaN,NaN,NaN
NaN,NaN,NaN,NaN
NaN,NaN,NaN,NaN
NaN,NaN,NaN,NaN
NaN,NaN,NaN,NaN
NaN,NaN,NaN,NaN
NaN,NaN,NaN,NaN
NaN,NaN,NaN,NaN
NaN,NaN,NaN,NaN
NaN,NaN,NaN,NaN
NaN,NaN,NaN,NaN
NaN,NaN,NaN,NaN
NaN,NaN,NaN,NaN
NaN,NaN,NaN,NaN
NaN,NaN,NaN,NaN
NaN,NaN,NaN,NaN
NaN,NaN,NaN,NaN
NaN,NaN,NaN,NaN
NaN,NaN,NaN,NaN
NaN,NaN,NaN,NaN
NaN,NaN,NaN,NaN
NaN,NaN,NaN,NaN
NaN,NaN,NaN,NaN
NaN,NaN,NaN,NaN
NaN,NaN,NaN,NaN
NaN,NaN,NaN,NaN
NaN,NaN,NaN,NaN
NaN,NaN,NaN,NaN
NaN,NaN,NaN,NaN
NaN,NaN,NaN,NaN
NaN,NaN,NaN,NaN
NaN,NaN,NaN,NaN
NaN,NaN,NaN,NaN
NaN,NaN,NaN,NaN
NaN,NaN,NaN,NaN
NaN,NaN,NaN,NaN
NaN,NaN,NaN,NaN
NaN,NaN,NaN,NaN
NaN,NaN,NaN,NaN
NaN,NaN,NaN,NaN
NaN,NaN,NaN,NaN
NaN,NaN,NaN,NaN
NaN,NaN,NaN,NaN
NaN,NaN,NaN,NaN
NaN,NaN,NaN,NaN
NaN,NaN,NaN,NaN
NaN,NaN,NaN,NaN
NaN,NaN,NaN,NaN
NaN,NaN,NaN,NaN
NaN,NaN,NaN,NaN
NaN,NaN,NaN,NaN
NaN,NaN,NaN,NaN
NaN,NaN,NaN,NaN
NaN,NaN,NaN,NaN
NaN,NaN,NaN,NaN
NaN,NaN,NaN,NaN
NaN,NaN,NaN,NaN
NaN,NaN,NaN,NaN
NaN,NaN,NaN,NaN
NaN,NaN,NaN,NaN
NaN,NaN,NaN,NaN
NaN,NaN,NaN,NaN
NaN,NaN,NaN,NaN
NaN,NaN,NaN,NaN
NaN,NaN,NaN,NaN
NaN,NaN,NaN,NaN
NaN,NaN,NaN,NaN
NaN,NaN,NaN,NaN
NaN,NaN,NaN,NaN
NaN,NaN,NaN,NaN
NaN,NaN,NaN,NaN
NaN,NaN,NaN,NaN
NaN,NaN,NaN,NaN
NaN,NaN,NaN,NaN
NaN,NaN,NaN,NaN
NaN,NaN,NaN,NaN
NaN,NaN,NaN,NaN
NaN,NaN,NaN,NaN
NaN,NaN,NaN,NaN
NaN,NaN,NaN,NaN
NaN,NaN,NaN,NaN
NaN,NaN,NaN,NaN
NaN,NaN,NaN,NaN
NaN,NaN,NaN,NaN
NaN,NaN,NaN,NaN
NaN,NaN,NaN,NaN
NaN,NaN,NaN,NaN
NaN,NaN,NaN,NaN
NaN,NaN,NaN,NaN
NaN,NaN,NaN,NaN
NaN,NaN,NaN,NaN
NaN,NaN,NaN,NaN
NaN,NaN,NaN,NaN
NaN,NaN,NaN,NaN
NaN,NaN,NaN,NaN
NaN,NaN,NaN,NaN
NaN,NaN,NaN,NaN
NaN,NaN,NaN,NaN
NaN,NaN,NaN,NaN
NaN,NaN,NaN,NaN
NaN,NaN,NaN,NaN
NaN,NaN,NaN,NaN
NaN,NaN,NaN,NaN
NaN,NaN,NaN,NaN
NaN,NaN,NaN,NaN
165.08,6.9667,233.72,73.827
165.08,38.967,233.72,105.83
160.11,46.791,232.07,116.99
136.86,24.503,210.66,96.491
131.86,1.5033,207.66,75.491
131.28,0.83569,206.44,74.146
NaN,NaN,NaN,NaN
NaN,NaN,NaN,NaN
NaN,NaN,NaN,NaN
NaN,NaN,NaN,NaN
NaN,NaN,NaN,NaN
NaN,NaN,NaN,NaN
NaN,NaN,NaN,NaN
NaN,NaN,NaN,NaN
NaN,NaN,NaN,NaN
NaN,NaN,NaN,NaN
NaN,NaN,NaN,NaN
NaN,NaN,NaN,NaN
145.28,6.8357,220.44,80.146
155.28,6.8357,230.44,80.146
NaN,NaN,NaN,NaN
161.28,0.83569,236.44,74.146
163.37,1.7888,238.46,75.042
170.66,3.2153,245.27,75.992
170.66,3.2153,245.27,75.992
186.84,1.5514,262.12,74.99
186.84,1.5514,262.12,74.99
NaN,NaN,NaN,NaN
NaN,NaN,NaN,NaN
NaN,NaN,NaN,NaN
NaN,NaN,NaN,NaN
NaN,NaN,NaN,NaN
NaN,NaN,NaN,NaN
NaN,NaN,NaN,NaN
NaN,NaN,NaN,NaN
NaN,NaN,NaN,NaN
NaN,NaN,NaN,NaN
NaN,NaN,NaN,NaN
NaN,NaN,NaN,NaN
NaN,NaN,NaN,NaN
337.76,22.259,418.92,101.52
343.51,43.995,424.41,123.01
342.8,50.331,424.34,129.96
344.06,56.922,424.76,135.74
345.74,55.153,426.38,133.91
351.11,60.824,430.94,138.79
350.2,66.278,430.31,144.51
344.78,87.958,424.5,165.82
327.24,75.314,411.2,157.41
300.4,67.496,383.36,148.62
305.24,7.409,389.71,89.476
322.32,5.1736,411.22,91.547
340.64,4.4338,432.12,93.317
351.82,2.4223,446.15,94.072
NaN,NaN,NaN,NaN
NaN,NaN,NaN,NaN
NaN,NaN,NaN,NaN
NaN,NaN,NaN,NaN
NaN,NaN,NaN,NaN
NaN,NaN,NaN,NaN
NaN,NaN,NaN,NaN
NaN,NaN,NaN,NaN
NaN,NaN,NaN,NaN
NaN,NaN,NaN,NaN
NaN,NaN,NaN,NaN
NaN,NaN,NaN,NaN
NaN,NaN,NaN,NaN
NaN,NaN,NaN,NaN
NaN,NaN,NaN,NaN
NaN,NaN,NaN,NaN
NaN,NaN,NaN,NaN
NaN,NaN,NaN,NaN
NaN,NaN,NaN,NaN
NaN,NaN,NaN,NaN
NaN,NaN,NaN,NaN
NaN,NaN,NaN,NaN
NaN,NaN,NaN,NaN
NaN,NaN,NaN,NaN
NaN,NaN,NaN,NaN
NaN,NaN,NaN,NaN
NaN,NaN,NaN,NaN
NaN,NaN,NaN,NaN
NaN,NaN,NaN,NaN
NaN,NaN,NaN,NaN
NaN,NaN,NaN,NaN
NaN,NaN,NaN,NaN
NaN,NaN,NaN,NaN
NaN,NaN,NaN,NaN
NaN,NaN,NaN,NaN
NaN,NaN,NaN,NaN
NaN,NaN,NaN,NaN
NaN,NaN,NaN,NaN
NaN,NaN,NaN,NaN
NaN,NaN,NaN,NaN
NaN,NaN,NaN,NaN
NaN,NaN,NaN,NaN
NaN,NaN,NaN,NaN
NaN,NaN,NaN,NaN
NaN,NaN,NaN,NaN
NaN,NaN,NaN,NaN
NaN,NaN,NaN,NaN
NaN,NaN,NaN,NaN
NaN,NaN,NaN,NaN
NaN,NaN,NaN,NaN
NaN,NaN,NaN,NaN
NaN,NaN,NaN,NaN
NaN,NaN,NaN,NaN
NaN,NaN,NaN,NaN
NaN,NaN,NaN,NaN
NaN,NaN,NaN,NaN
NaN,NaN,NaN,NaN
NaN,NaN,NaN,NaN
NaN,NaN,NaN,NaN
NaN,NaN,NaN,NaN
NaN,NaN,NaN,NaN
NaN,NaN,NaN,NaN
NaN,NaN,NaN,NaN
NaN,NaN,NaN,NaN
NaN,NaN,NaN,NaN
NaN,NaN,NaN,NaN
NaN,NaN,NaN,NaN
NaN,NaN,NaN,NaN
NaN,NaN,NaN,NaN
NaN,NaN,NaN,NaN
NaN,NaN,NaN,NaN
NaN,NaN,NaN,NaN
NaN,NaN,NaN,NaN
NaN,NaN,NaN,NaN
NaN,NaN,NaN,NaN
NaN,NaN,NaN,NaN
NaN,NaN,NaN,NaN
NaN,NaN,NaN,NaN
NaN,NaN,NaN,NaN
NaN,NaN,NaN,NaN
NaN,NaN,NaN,NaN
NaN,NaN,NaN,NaN
NaN,NaN,NaN,NaN
NaN,NaN,NaN,NaN
NaN,NaN,NaN,NaN
NaN,NaN,NaN,NaN
NaN,NaN,NaN,NaN
NaN,NaN,NaN,NaN
NaN,NaN,NaN,NaN
NaN,NaN,NaN,NaN
NaN,NaN,NaN,NaN
NaN,NaN,NaN,NaN
NaN,NaN,NaN,NaN
NaN,NaN,NaN,NaN
NaN,NaN,NaN,NaN
NaN,NaN,NaN,NaN
NaN,NaN,NaN,NaN
NaN,NaN,NaN,NaN
NaN,NaN,NaN,NaN
NaN,NaN,NaN,NaN
NaN,NaN,NaN,NaN
NaN,NaN,NaN,NaN
NaN,NaN,NaN,NaN
NaN,NaN,NaN,NaN
NaN,NaN,NaN,NaN
NaN,NaN,NaN,NaN
NaN,NaN,NaN,NaN
NaN,NaN,NaN,NaN
NaN,NaN,NaN,NaN
NaN,NaN,NaN,NaN
NaN,NaN,NaN,NaN
NaN,NaN,NaN,NaN
NaN,NaN,NaN,NaN
NaN,NaN,NaN,NaN
NaN,NaN,NaN,NaN
NaN,NaN,NaN,NaN
NaN,NaN,NaN,NaN
NaN,NaN,NaN,NaN
NaN,NaN,NaN,NaN
NaN,NaN,NaN,NaN
NaN,NaN,NaN,NaN
NaN,NaN,NaN,NaN
NaN,NaN,NaN,NaN
NaN,NaN,NaN,NaN
NaN,NaN,NaN,NaN
NaN,NaN,NaN,NaN
NaN,NaN,NaN,NaN
NaN,NaN,NaN,NaN
NaN,NaN,NaN,NaN
NaN,NaN,NaN,NaN
NaN,NaN,NaN,NaN
NaN,NaN,NaN,NaN
NaN,NaN,NaN,NaN
NaN,NaN,NaN,NaN
NaN,NaN,NaN,NaN
NaN,NaN,NaN,NaN
NaN,NaN,NaN,NaN
NaN,NaN,NaN,NaN
NaN,NaN,NaN,NaN
NaN,NaN,NaN,NaN
NaN,NaN,NaN,NaN
NaN,NaN,NaN,NaN
NaN,NaN,NaN,NaN
NaN,NaN,NaN,NaN
NaN,NaN,NaN,NaN
NaN,NaN,NaN,NaN
NaN,NaN,NaN,NaN
NaN,NaN,NaN,NaN
NaN,NaN,NaN,NaN
NaN,NaN,NaN,NaN
NaN,NaN,NaN,NaN
NaN,NaN,NaN,NaN
NaN,NaN,NaN,NaN
NaN,NaN,NaN,NaN
NaN,NaN,NaN,NaN
NaN,NaN,NaN,NaN
NaN,NaN,NaN,NaN
NaN,NaN,NaN,NaN
NaN,NaN,NaN,NaN
NaN,NaN,NaN,NaN
NaN,NaN,NaN,NaN
NaN,NaN,NaN,NaN
NaN,NaN,NaN,NaN
NaN,NaN,NaN,NaN
NaN,NaN,NaN,NaN
NaN,NaN,NaN,NaN
NaN,NaN,NaN,NaN
NaN,NaN,NaN,NaN
NaN,NaN,NaN,NaN
NaN,NaN,NaN,NaN
NaN,NaN,NaN,NaN
NaN,NaN,NaN,NaN
NaN,NaN,NaN,NaN
NaN,NaN,NaN,NaN
NaN,NaN,NaN,NaN
NaN,NaN,NaN,NaN
NaN,NaN,NaN,NaN
NaN,NaN,NaN,NaN
NaN,NaN,NaN,NaN
NaN,NaN,NaN,NaN
NaN,NaN,NaN,NaN
NaN,NaN,NaN,NaN
NaN,NaN,NaN,NaN
NaN,NaN,NaN,NaN
NaN,NaN,NaN,NaN
NaN,NaN,NaN,NaN
NaN,NaN,NaN,NaN
NaN,NaN,NaN,NaN
NaN,NaN,NaN,NaN
NaN,NaN,NaN,NaN
NaN,NaN,NaN,NaN
NaN,NaN,NaN,NaN
NaN,NaN,NaN,NaN
NaN,NaN,NaN,NaN
NaN,NaN,NaN,NaN
NaN,NaN,NaN,NaN
NaN,NaN,NaN,NaN
NaN,NaN,NaN,NaN
NaN,NaN,NaN,NaN
NaN,NaN,NaN,NaN
NaN,NaN,NaN,NaN
NaN,NaN,NaN,NaN
NaN,NaN,NaN,NaN
NaN,NaN,NaN,NaN
NaN,NaN,NaN,NaN
NaN,NaN,NaN,NaN
NaN,NaN,NaN,NaN
NaN,NaN,NaN,NaN
NaN,NaN,NaN,NaN
NaN,NaN,NaN,NaN
NaN,NaN,NaN,NaN
NaN,NaN,NaN,NaN
NaN,NaN,NaN,NaN
NaN,NaN,NaN,NaN
NaN,NaN,NaN,NaN
NaN,NaN,NaN,NaN
NaN,NaN,NaN,NaN
NaN,NaN,NaN,NaN
NaN,NaN,NaN,NaN
NaN,NaN,NaN,NaN
NaN,NaN,NaN,NaN
NaN,NaN,NaN,NaN
NaN,NaN,NaN,NaN
NaN,NaN,NaN,NaN
NaN,NaN,NaN,NaN
NaN,NaN,NaN,NaN
NaN,NaN,NaN,NaN
NaN,NaN,NaN,NaN
NaN,NaN,NaN,NaN
NaN,NaN,NaN,NaN
NaN,NaN,NaN,NaN
NaN,NaN,NaN,NaN
NaN,NaN,NaN,NaN
NaN,NaN,NaN,NaN
NaN,NaN,NaN,NaN
NaN,NaN,NaN,NaN
NaN,NaN,NaN,NaN
NaN,NaN,NaN,NaN
NaN,NaN,NaN,NaN
NaN,NaN,NaN,NaN
NaN,NaN,NaN,NaN
NaN,NaN,NaN,NaN
NaN,NaN,NaN,NaN
NaN,NaN,NaN,NaN
NaN,NaN,NaN,NaN
NaN,NaN,NaN,NaN
NaN,NaN,NaN,NaN
NaN,NaN,NaN,NaN
NaN,NaN,NaN,NaN
NaN,NaN,NaN,NaN
NaN,NaN,NaN,NaN
NaN,NaN,NaN,NaN
NaN,NaN,NaN,NaN
NaN,NaN,NaN,NaN
NaN,NaN,NaN,NaN
NaN,NaN,NaN,NaN
NaN,NaN,NaN,NaN
NaN,NaN,NaN,NaN
NaN,NaN,NaN,NaN
NaN,NaN,NaN,NaN
NaN,NaN,NaN,NaN
NaN,NaN,NaN,NaN
NaN,NaN,NaN,NaN
NaN,NaN,NaN,NaN
NaN,NaN,NaN,NaN
NaN,NaN,NaN,NaN
NaN,NaN,NaN,NaN
NaN,NaN,NaN,NaN
NaN,NaN,NaN,NaN
NaN,NaN,NaN,NaN
NaN,NaN,NaN,NaN
NaN,NaN,NaN,NaN
NaN,NaN,NaN,NaN
NaN,NaN,NaN,NaN
NaN,NaN,NaN,NaN
NaN,NaN,NaN,NaN
NaN,NaN,NaN,NaN
NaN,NaN,NaN,NaN
NaN,NaN,NaN,NaN
NaN,NaN,NaN,NaN
NaN,NaN,NaN,NaN
NaN,NaN,NaN,NaN
NaN,NaN,NaN,NaN
NaN,NaN,NaN,NaN
NaN,NaN,NaN,NaN
NaN,NaN,NaN,NaN
NaN,NaN,NaN,NaN
NaN,NaN,NaN,NaN
NaN,NaN,NaN,NaN
NaN,NaN,NaN,NaN
NaN,NaN,NaN,NaN
NaN,NaN,NaN,NaN
NaN,NaN,NaN,NaN
NaN,NaN,NaN,NaN
NaN,NaN,NaN,NaN
NaN,NaN,NaN,NaN
NaN,NaN,NaN,NaN
NaN,NaN,NaN,NaN
NaN,NaN,NaN,NaN
NaN,NaN,NaN,NaN
NaN,NaN,NaN,NaN
NaN,NaN,NaN,NaN
NaN,NaN,NaN,NaN
NaN,NaN,NaN,NaN
NaN,NaN,NaN,NaN
NaN,NaN,NaN,NaN
NaN,NaN,NaN,NaN
NaN,NaN,NaN,NaN
NaN,NaN,NaN,NaN
NaN,NaN,NaN,NaN
NaN,NaN,NaN,NaN
NaN,NaN,NaN,NaN
NaN,NaN,NaN,NaN
NaN,NaN,NaN,NaN
NaN,NaN,NaN,NaN
NaN,NaN,NaN,NaN
NaN,NaN,NaN,NaN
NaN,NaN,NaN,NaN
NaN,NaN,NaN,NaN
NaN,NaN,NaN,NaN
NaN,NaN,NaN,NaN
NaN,NaN,NaN,NaN
NaN,NaN,NaN,NaN
NaN,NaN,NaN,NaN
NaN,NaN,NaN,NaN
NaN,NaN,NaN,NaN
NaN,NaN,NaN,NaN
NaN,NaN,NaN,NaN
NaN,NaN,NaN,NaN
NaN,NaN,NaN,NaN
NaN,NaN,NaN,NaN
NaN,NaN,NaN,NaN
NaN,NaN,NaN,NaN
NaN,NaN,NaN,NaN
NaN,NaN,NaN,NaN
NaN,NaN,NaN,NaN
NaN,NaN,NaN,NaN
NaN,NaN,NaN,NaN
NaN,NaN,NaN,NaN
NaN,NaN,NaN,NaN
NaN,NaN,NaN,NaN
NaN,NaN,NaN,NaN
NaN,NaN,NaN,NaN
NaN,NaN,NaN,NaN
NaN,NaN,NaN,NaN
NaN,NaN,NaN,NaN
NaN,NaN,NaN,NaN
NaN,NaN,NaN,NaN
NaN,NaN,NaN,NaN
NaN,NaN,NaN,NaN
NaN,NaN,NaN,NaN
NaN,NaN,NaN,NaN
NaN,NaN,NaN,NaN
NaN,NaN,NaN,NaN
NaN,NaN,NaN,NaN
NaN,NaN,NaN,NaN
NaN,NaN,NaN,NaN
NaN,NaN,NaN,NaN
NaN,NaN,NaN,NaN
NaN,NaN,NaN,NaN
NaN,NaN,NaN,NaN
NaN,NaN,NaN,NaN
NaN,NaN,NaN,NaN
NaN,NaN,NaN,NaN
NaN,NaN,NaN,NaN
NaN,NaN,NaN,NaN
NaN,NaN,NaN,NaN
NaN,NaN,NaN,NaN
NaN,NaN,NaN,NaN
NaN,NaN,NaN,NaN
NaN,NaN,NaN,NaN
NaN,NaN,NaN,NaN
NaN,NaN,NaN,NaN
NaN,NaN,NaN,NaN
NaN,NaN,NaN,NaN
NaN,NaN,NaN,NaN
NaN,NaN,NaN,NaN
NaN,NaN,NaN,NaN
NaN,NaN,NaN,NaN
NaN,NaN,NaN,NaN
NaN,NaN,NaN,NaN
NaN,NaN,NaN,NaN
NaN,NaN,NaN,NaN
NaN,NaN,NaN,NaN
NaN,NaN,NaN,NaN
NaN,NaN,NaN,NaN
NaN,NaN,NaN,NaN
NaN,NaN,NaN,NaN
NaN,NaN,NaN,NaN
NaN,NaN,NaN,NaN
NaN,NaN,NaN,NaN
NaN,NaN,NaN,NaN
NaN,NaN,NaN,NaN
NaN,NaN,NaN,NaN
NaN,NaN,NaN,NaN
NaN,NaN,NaN,NaN
NaN,NaN,NaN,NaN
NaN,NaN,NaN,NaN
NaN,NaN,NaN,NaN
NaN,NaN,NaN,NaN
NaN,NaN,NaN,NaN
NaN,NaN,NaN,NaN
NaN,NaN,NaN,NaN
NaN,NaN,NaN,NaN
NaN,NaN,NaN,NaN
NaN,NaN,NaN,NaN
NaN,NaN,NaN,NaN
NaN,NaN,NaN,NaN
NaN,NaN,NaN,NaN
NaN,NaN,NaN,NaN
NaN,NaN,NaN,NaN
NaN,NaN,NaN,NaN
NaN,NaN,NaN,NaN
NaN,NaN,NaN,NaN
NaN,NaN,NaN,NaN
NaN,NaN,NaN,NaN
NaN,NaN,NaN,NaN
NaN,NaN,NaN,NaN
NaN,NaN,NaN,NaN
NaN,NaN,NaN,NaN
NaN,NaN,NaN,NaN
NaN,NaN,NaN,NaN
NaN,NaN,NaN,NaN
NaN,NaN,NaN,NaN
NaN,NaN,NaN,NaN
NaN,NaN,NaN,NaN
NaN,NaN,NaN,NaN
NaN,NaN,NaN,NaN
NaN,NaN,NaN,NaN
NaN,NaN,NaN,NaN
NaN,NaN,NaN,NaN
NaN,NaN,NaN,NaN
NaN,NaN,NaN,NaN
NaN,NaN,NaN,NaN
NaN,NaN,NaN,NaN
NaN,NaN,NaN,NaN
NaN,NaN,NaN,NaN
NaN,NaN,NaN,NaN
NaN,NaN,NaN,NaN
NaN,NaN,NaN,NaN
NaN,NaN,NaN,NaN
NaN,NaN,NaN,NaN
NaN,NaN,NaN,NaN
NaN,NaN,NaN,NaN
NaN,NaN,NaN,NaN
NaN,NaN,NaN,NaN
NaN,NaN,NaN,NaN
NaN,NaN,NaN,NaN
NaN,NaN,NaN,NaN
NaN,NaN,NaN,NaN
NaN,NaN,NaN,NaN
NaN,NaN,NaN,NaN
NaN,NaN,NaN,NaN
NaN,NaN,NaN,NaN
NaN,NaN,NaN,NaN
NaN,NaN,NaN,NaN
NaN,NaN,NaN,NaN
NaN,NaN,NaN,NaN
NaN,NaN,NaN,NaN
NaN,NaN,NaN,NaN
NaN,NaN,NaN,NaN
NaN,NaN,NaN,NaN
NaN,NaN,NaN,NaN
NaN,NaN,NaN,NaN
NaN,NaN,NaN,NaN
NaN,NaN,NaN,NaN
NaN,NaN,NaN,NaN
NaN,NaN,NaN,NaN
NaN,NaN,NaN,NaN
NaN,NaN,NaN,NaN
NaN,NaN,NaN,NaN
NaN,NaN,NaN,NaN
NaN,NaN,NaN,NaN
NaN,NaN,NaN,NaN
NaN,NaN,NaN,NaN
NaN,NaN,NaN,NaN
NaN,NaN,NaN,NaN
NaN,NaN,NaN,NaN
NaN,NaN,NaN,NaN
NaN,NaN,NaN,NaN
NaN,NaN,NaN,NaN
NaN,NaN,NaN,NaN
NaN,NaN,NaN,NaN
NaN,NaN,NaN,NaN
NaN,NaN,NaN,NaN
NaN,NaN,NaN,NaN
NaN,NaN,NaN,NaN
NaN,NaN,NaN,NaN
NaN,NaN,NaN,NaN
NaN,NaN,NaN,NaN
NaN,NaN,NaN,NaN
NaN,NaN,NaN,NaN
NaN,NaN,NaN,NaN
NaN,NaN,NaN,NaN
NaN,NaN,NaN,NaN
NaN,NaN,NaN,NaN
NaN,NaN,NaN,NaN
NaN,NaN,NaN,NaN
NaN,NaN,NaN,NaN
NaN,NaN,NaN,NaN
NaN,NaN,NaN,NaN
NaN,NaN,NaN,NaN
NaN,NaN,NaN,NaN
NaN,NaN,NaN,NaN
NaN,NaN,NaN,NaN
NaN,NaN,NaN,NaN
NaN,NaN,NaN,NaN
NaN,NaN,NaN,NaN
NaN,NaN,NaN,NaN
NaN,NaN,NaN,NaN
NaN,NaN,NaN,NaN
NaN,NaN,NaN,NaN
NaN,NaN,NaN,NaN
NaN,NaN,NaN,NaN
NaN,NaN,NaN,NaN
NaN,NaN,NaN,NaN
NaN,NaN,NaN,NaN
NaN,NaN,NaN,NaN
NaN,NaN,NaN,NaN
NaN,NaN,NaN,NaN
NaN,NaN,NaN,NaN
NaN,NaN,NaN,NaN
NaN,NaN,NaN,NaN
NaN,NaN,NaN,NaN
NaN,NaN,NaN,NaN
NaN,NaN,NaN,NaN
NaN,NaN,NaN,NaN
NaN,NaN,NaN,NaN
NaN,NaN,NaN,NaN
NaN,NaN,NaN,NaN
NaN,NaN,NaN,NaN
NaN,NaN,NaN,NaN
NaN,NaN,NaN,NaN
NaN,NaN,NaN,NaN
NaN,NaN,NaN,NaN
NaN,NaN,NaN,NaN
NaN,NaN,NaN,NaN
NaN,NaN,NaN,NaN
NaN,NaN,NaN,NaN
NaN,NaN,NaN,NaN
NaN,NaN,NaN,NaN
NaN,NaN,NaN,NaN
NaN,NaN,NaN,NaN
NaN,NaN,NaN,NaN
NaN,NaN,NaN,NaN
NaN,NaN,NaN,NaN
NaN,NaN,NaN,NaN
NaN,NaN,NaN,NaN
NaN,NaN,NaN,NaN
NaN,NaN,NaN,NaN
NaN,NaN,NaN,NaN
NaN,NaN,NaN,NaN
NaN,NaN,NaN,NaN
NaN,NaN,NaN,NaN
NaN,NaN,NaN,NaN
NaN,NaN,NaN,NaN
NaN,NaN,NaN,NaN
NaN,NaN,NaN,NaN
NaN,NaN,NaN,NaN
NaN,NaN,NaN,NaN
NaN,NaN,NaN,NaN
NaN,NaN,NaN,NaN
NaN,NaN,NaN,NaN
NaN,NaN,NaN,NaN
NaN,NaN,NaN,NaN
NaN,NaN,NaN,NaN
NaN,NaN,NaN,NaN
NaN,NaN,NaN,NaN
NaN,NaN,NaN,NaN
NaN,NaN,NaN,NaN
NaN,NaN,NaN,NaN
NaN,NaN,NaN,NaN
NaN,NaN,NaN,NaN
NaN,NaN,NaN,NaN
NaN,NaN,NaN,NaN
NaN,NaN,NaN,NaN
NaN,NaN,NaN,NaN
NaN,NaN,NaN,NaN
NaN,NaN,NaN,NaN
NaN,NaN,NaN,NaN
NaN,NaN,NaN,NaN
NaN,NaN,NaN,NaN
NaN,NaN,NaN,NaN
NaN,NaN,NaN,NaN
NaN,NaN,NaN,NaN
NaN,NaN,NaN,NaN
NaN,NaN,NaN,NaN
NaN,NaN,NaN,NaN
NaN,NaN,NaN,NaN
NaN,NaN,NaN,NaN
NaN,NaN,NaN,NaN
NaN,NaN,NaN,NaN
NaN,NaN,NaN,NaN
NaN,NaN,NaN,NaN
NaN,NaN,NaN,NaN
NaN,NaN,NaN,NaN
NaN,NaN,NaN,NaN
NaN,NaN,NaN,NaN
NaN,NaN,NaN,NaN
NaN,NaN,NaN,NaN
NaN,NaN,NaN,NaN
NaN,NaN,NaN,NaN
NaN,NaN,NaN,NaN
NaN,NaN,NaN,NaN
NaN,NaN,NaN,NaN
NaN,NaN,NaN,NaN
NaN,NaN,NaN,NaN
NaN,NaN,NaN,NaN
NaN,NaN,NaN,NaN
NaN,NaN,NaN,NaN
NaN,NaN,NaN,NaN
NaN,NaN,NaN,NaN
NaN,NaN,NaN,NaN
NaN,NaN,NaN,NaN
NaN,NaN,NaN,NaN
NaN,NaN,NaN,NaN
NaN,NaN,NaN,NaN
NaN,NaN,NaN,NaN
NaN,NaN,NaN,NaN
NaN,NaN,NaN,NaN
NaN,NaN,NaN,NaN
NaN,NaN,NaN,NaN
NaN,NaN,NaN,NaN
NaN,NaN,NaN,NaN
NaN,NaN,NaN,NaN
NaN,NaN,NaN,NaN
NaN,NaN,NaN,NaN
NaN,NaN,NaN,NaN
NaN,NaN,NaN,NaN
NaN,NaN,NaN,NaN
