282,26,317,90
282,43,317,107
292,21,327,85
301,26,336,90
300,34,335,98
298,36,333,100
307,59,342,123
317,71,352,135
321,72,356,136
318,48,353,112
315,39,350,103
312,57,347,121
313,63,348,127
314,71,349,135
321,61,356,125
322,56,357,120
320,80,355,144
309,102,344,166
289,102,324,166
277,123,312,187
276,102,311,166
274,89,309,153
270,91,305,155
274,101,309,165
276,95,311,159
273,71,308,135
276,47,311,111
274,36,309,100
275,30,310,94
269,10,304,74
259,0,294,64
266,7,301,71
267,10,302,74
279,17,314,81
284,9,319,73
286,0,321,64
295,0,330,64
296,0,331,64
303,0,338,64
302,0,337,64
303,1,338,65
304,1,339,65
299,5,334,69
298,17,333,81
302,41,337,105
306,59,341,123
310,76,345,140
308,71,343,135
304,68,339,132
299,68,334,132
296,63,331,127
293,49,328,113
289,39,324,103
287,37,322,101
286,46,321,110
284,50,319,114
282,60,317,124
282,74,317,138
269,82,304,146
249,71,284,135
243,95,278,159
264,84,299,148
263,62,298,126
266,43,301,107
272,67,307,131
288,86,323,150
296,99,331,163
298,108,333,172
300,111,335,175
307,119,342,183
305,129,340,193
307,131,342,195
288,119,323,183
277,97,312,161
273,75,308,139
278,92,313,156
283,95,318,159
288,94,323,158
291,87,326,151
294,78,329,142
298,81,333,145
302,85,337,149
304,85,339,149
306,81,341,145
305,80,340,144
301,83,336,147
298,67,333,131
296,58,331,122
295,60,330,124
296,43,331,107
296,30,331,94
305,10,340,74
310,5,345,69
309,0,344,64
308,1,343,65
306,19,341,83
302,43,337,107
296,67,331,131
284,85,319,149
280,103,315,167
280,113,315,177
271,136,306,200
268,160,303,224
261,168,296,232
264,174,299,238
273,197,308,261
282,180,317,244
283,181,318,245
298,179,333,243
307,176,342,240
311,178,346,242
314,166,349,230
314,158,349,222
308,148,343,212
302,144,337,208
296,127,331,191
299,113,334,177
304,115,339,179
310,132,345,196
309,108,344,172
303,84,338,148
297,60,332,124
302,45,337,109
309,63,344,127
315,87,350,151
313,111,348,175
319,135,354,199
317,135,352,199
319,136,354,200
329,138,364,202
329,135,364,199
323,135,358,199
329,124,364,188
334,104,369,168
333,80,368,144
329,69,364,133
323,83,358,147
327,107,362,171
335,114,370,178
343,117,378,181
345,117,380,181
352,109,387,173
356,107,391,171
354,85,389,149
347,81,382,145
334,100,369,164
328,112,363,176
326,115,361,179
321,131,356,195
321,137,356,201
322,139,357,203
328,128,363,192
330,118,365,182
327,104,362,168
329,110,364,174
330,112,365,176
329,108,364,172
332,99,367,163
331,94,366,158
338,78,373,142
339,74,374,138
340,63,375,127
340,56,375,120
328,51,363,115
325,49,360,113
318,43,353,107
310,30,345,94
303,35,338,99
301,43,336,107
297,61,332,125
293,66,328,130
291,81,326,145
290,100,325,164
288,106,323,170
291,130,326,194
291,136,326,200
290,146,325,210
290,154,325,218
283,163,318,227
283,159,318,223
286,145,321,209
286,136,321,200
287,127,322,191
289,116,324,180
293,109,328,173
292,100,327,164
292,97,327,161
295,89,330,153
298,91,333,155
303,109,338,173
303,133,338,197
303,109,338,173
302,85,337,149
318,66,353,130
324,42,359,106
343,49,378,113
342,25,377,89
329,46,364,110
332,23,367,87
327,47,362,111
304,50,339,114
297,66,332,130
296,77,331,141
291,92,326,156
286,87,321,151
287,78,322,142
278,60,313,124
281,81,316,145
286,105,321,169
299,119,334,183
292,131,327,195
296,138,331,202
290,142,325,206
298,155,333,219
307,138,342,202
313,127,348,191
326,112,361,176
337,114,372,178
340,131,375,195
329,125,364,189
328,103,363,167
334,79,369,143
329,64,364,128
317,61,352,125
322,68,357,132
331,56,366,120
340,37,375,101
353,25,388,89
361,10,396,74
373,2,408,66
380,11,415,75
358,0,393,64
372,8,407,72
362,23,397,87
368,47,403,111
345,56,380,120
339,80,374,144
335,104,370,168
346,104,381,168
337,127,372,191
346,150,381,214
361,137,396,201
371,141,406,205
390,135,425,199
398,127,433,191
402,103,437,167
418,94,453,158
429,90,464,154
432,69,467,133
432,70,467,134
432,76,467,140
427,85,462,149
428,92,463,156
432,84,467,148
432,60,467,124
415,42,450,106
410,34,445,98
407,57,442,121
423,64,458,128
432,84,467,148
432,100,467,164
432,124,467,188
432,136,467,200
432,143,467,207
416,132,451,196
420,126,455,190
426,105,461,169
432,81,467,145
432,78,467,142
432,75,467,139
410,85,445,149
407,61,442,125
399,54,434,118
377,43,412,107
371,38,406,102
367,46,402,110
369,70,404,134
372,78,407,142
377,77,412,141
367,64,402,128
356,42,391,106
356,19,391,83
355,17,390,81
353,15,388,79
358,0,393,64
338,2,373,66
362,0,397,64
370,1,405,65
349,0,384,64
347,6,382,70
350,0,385,64
345,0,380,64
321,0,356,64
304,0,339,64
315,0,350,64
329,16,364,80
338,30,373,94
339,23,374,87
338,6,373,70
337,0,372,64
334,0,369,64
336,20,371,84
336,32,371,96
333,32,368,96
326,22,361,86
322,16,357,80
317,17,352,81
317,17,352,81
312,23,347,87
311,30,346,94
311,49,346,113
313,68,348,132
312,79,347,143
310,89,345,153
310,74,345,138
311,64,346,128
312,46,347,110
310,42,345,106
308,45,343,109
310,46,345,110
313,38,348,102
317,14,352,78
322,2,357,66
325,7,360,71
324,9,359,73
322,4,357,68
318,7,353,71
332,14,367,78
325,12,360,76
346,0,381,64
341,0,376,64
343,0,378,64
332,0,367,64
330,0,365,64
332,0,367,64
309,0,344,64
330,13,365,77
309,0,344,64
285,0,320,64
277,2,312,66
291,0,326,64
276,0,311,64
275,0,310,64
254,0,289,64
239,0,274,64
238,0,273,64
238,0,273,64
246,0,281,64
245,0,280,64
245,0,280,64
238,0,273,64
242,0,277,64
232,0,267,64
237,0,272,64
246,0,281,64
263,0,298,64
256,0,291,64
255,0,290,64
246,2,281,66
263,0,298,64
270,0,305,64
246,0,281,64
247,0,282,64
254,0,289,64
251,0,286,64
255,0,290,64
268,0,303,64
271,0,306,64
268,0,303,64
269,0,304,64
263,0,298,64
259,0,294,64
254,0,289,64
243,0,278,64
242,0,277,64
250,0,285,64
251,0,286,64
259,0,294,64
254,0,289,64
230,0,265,64
238,23,273,87
248,22,283,86
252,27,287,91
246,39,281,103
252,50,287,114
259,70,294,134
258,67,293,131
260,66,295,130
264,69,299,133
273,64,308,128
282,84,317,148
287,92,322,156
288,89,323,153
276,88,311,152
266,96,301,160
266,91,301,155
269,70,304,134
276,69,311,133
284,61,319,125
295,71,330,135
303,68,338,132
306,63,341,127
312,58,347,122
310,52,345,116
304,58,339,122
291,45,326,109
283,63,318,127
275,71,310,135
270,65,305,129
253,73,288,137
244,76,279,140
253,68,288,132
266,72,301,136
274,71,309,135
293,56,328,120
310,40,345,104
313,41,348,105
327,43,362,107
337,37,372,101
344,39,379,103
361,52,396,116
383,52,418,116
396,55,431,119
408,55,443,119
431,46,466,110
415,48,450,112
432,53,467,117
432,56,467,120
425,52,460,116
421,43,456,107
422,55,457,119
398,50,433,114
405,35,440,99
422,20,457,84
432,25,467,89
432,15,467,79
432,0,467,64
432,0,467,64
432,24,467,88
423,47,458,111
419,23,454,87
401,6,436,70
425,11,460,75
402,11,437,75
411,22,446,86
431,22,466,86
424,14,459,78
411,20,446,84
429,19,464,83
414,6,449,70
422,16,457,80
430,14,465,78
411,0,446,64
432,0,467,64
420,18,455,82
432,11,467,75
426,35,461,99
416,37,451,101
417,34,452,98
410,36,445,100
401,51,436,115
392,63,427,127
402,85,437,149
408,61,443,125
430,67,465,131
431,91,466,155
430,99,465,163
415,88,450,152
411,87,446,151
431,73,466,137
407,69,442,133
418,71,453,135
424,79,459,143
401,75,436,139
425,72,460,136
432,61,467,125
432,85,467,149
432,98,467,162
428,74,463,138
417,52,452,116
410,71,445,135
408,93,443,157
399,116,434,180
408,129,443,193
389,145,424,209
374,150,409,214
374,157,409,221
380,176,415,240
383,152,418,216
407,156,442,220
416,133,451,197
393,124,428,188
409,136,444,200
407,160,442,224
423,141,458,205
432,125,467,189
432,101,467,165
427,77,462,141
429,88,464,152
415,76,450,140
402,82,437,146
