293,36,310,52
292.59,52.197,309.57,68.178
301.43,24.857,320.14,42.143
309.97,30.999,328.93,48.513
309.38,41.289,328.31,58.773
306.45,43.449,325.57,61.108
317.92,68.131,337.12,85.865
328.45,79.183,347.79,97.054
332.55,74.044,353.17,92.996
330.63,44.398,351.89,63.938
326.61,37.999,347.59,57.209
322.76,56.28,344.37,76.072
323.34,61.749,345.06,81.588
323.47,70.141,345.1,89.845
330.23,61.603,351.42,80.873
330.96,56.086,352.14,75.35
327.24,95.166,347.74,113.81
313.94,123.71,334.45,142.33
292.75,122.42,313.03,140.81
285.18,123.52,306.29,142.67
285.07,104.36,306.29,123.62
283.62,90.271,304.85,109.52
278.51,92.605,300.12,112.2
284.07,102.6,304.94,121.51
286.08,96.954,307.06,115.96
282.59,73.451,304.28,93.107
285.32,41.425,306.87,60.953
283.5,30.5,306.5,51.5
284.59,15.827,308.21,37.397
277.48,-4.3706,300.87,16.989
NaN,NaN,NaN,NaN
NaN,NaN,NaN,NaN
NaN,NaN,NaN,NaN
284.5,9.5,307.5,30.5
291.34,3.8089,312.59,23.165
292.69,-10.305,314.69,9.7363
NaN,NaN,NaN,NaN
NaN,NaN,NaN,NaN
NaN,NaN,NaN,NaN
NaN,NaN,NaN,NaN
NaN,NaN,NaN,NaN
NaN,NaN,NaN,NaN
NaN,NaN,NaN,NaN
NaN,NaN,NaN,NaN
310.5,30.5,338,56
314.2,48.526,341.83,74.145
316.65,65.737,344.29,91.367
317.24,61.607,345.13,87.466
312.5,58.529,340.18,84.189
307.33,56.201,335.35,82.182
303.96,50.249,332,76.254
298.14,40.418,327.02,67.245
294,30.332,321.58,55.954
292.48,29.785,319.61,54.98
293.1,39.672,318.95,63.682
291.1,45.473,315.55,68.169
289.56,53.922,313.77,76.402
288.4,67.677,312.43,89.99
273.23,73.495,297.88,96.324
251.2,63.487,276.91,87.27
245.75,91.65,271.16,115.15
268,72,293,95
266.06,28.181,292.87,52.852
267.94,29.317,294.72,53.96
277.18,58.028,302.35,81.18
291.4,82.6,320.4,109.6
298.1,91.629,327.36,118.89
301.88,99.018,331.1,126.24
302.02,100.84,331.32,128.15
309.2,108.11,337.97,134.93
307.71,118.2,336.99,145.51
308.36,119.56,337.83,147.04
288.87,96.587,318.31,124.04
275.13,50.783,305.51,79.122
275.09,50.567,305.4,78.838
279.92,68.098,310.21,96.353
285.11,71.631,315.19,99.695
290.06,69.813,320.82,98.51
291.78,62.917,322.73,91.802
294.74,53.45,325.58,82.234
298.5,56.91,328.89,85.272
302.61,61.349,332.98,89.689
303.98,57.617,334.36,85.965
306.13,53.869,336.6,82.303
304.36,50.765,335.21,79.561
300.33,53.368,332.28,83.189
297.03,38.195,329.59,68.586
294.22,31.61,327.47,62.653
293.29,37.693,326.16,68.367
292.54,25.919,326.07,57.218
293.03,13.587,327.81,46.055
301.31,-6.1719,336.66,26.823
306.18,-10.428,341.98,22.997
304.97,-14.735,341.04,18.943
304.41,-14.737,340.82,19.262
301.75,4.3481,338.2,38.383
297.95,30.188,333.6,63.468
286.75,62.84,321.83,95.69
281.06,68.667,316.26,101.63
276.67,85,307,113.33
276.64,93.46,307.01,121.83
269,127,299,155
265.33,140.33,299.33,172.33
261.79,173.35,295.6,205.16
262.57,179.25,296.41,211.1
273.05,171.21,307.77,203.91
282.9,158.21,317.97,191.25
284,160.01,319.1,193.07
299.38,156.83,335.8,191.17
308.16,153.21,344.66,187.62
311.96,153.25,348.38,187.59
314.85,140.61,351.49,175.15
313.42,131.93,350.06,166.49
309.73,118.47,346.38,153.03
303.89,109.85,340.26,144.15
295.55,99.959,332.17,134.51
295.42,89.796,331.59,123.93
299.88,92.857,335.89,126.85
305.62,107.63,339.85,139.93
303.63,88.614,338.38,121.41
295.04,47.814,329.71,80.544
298,28,328,56
301.56,28.017,331.53,55.995
308.85,47.704,338.86,75.706
315.3,84.754,346.41,113.79
315.06,102.89,347.45,133.12
318.76,117.39,351.8,148.24
318.58,110.17,351.13,140.56
320.95,107.67,353.26,137.83
331.8,107.31,364.12,137.48
331.66,106.73,363.99,136.9
323.07,105.36,355.26,135.41
329.21,94.684,361.83,125.14
332.86,75.446,365.98,106.37
330.65,42.754,363.75,73.651
326.14,42.009,359.28,72.946
320.63,57.395,353.04,87.65
324.52,86.052,356.52,115.92
331.69,90.434,363.53,120.16
340,93.082,371.74,122.7
344.09,94.178,375.85,123.82
350.76,87.924,381.99,117.08
355.69,84.502,387.53,114.22
354,62.113,386.21,92.173
348.42,58.48,380.54,88.465
334.46,79.076,366.16,108.66
328.25,90.589,359.48,119.74
326.51,93.898,357.43,122.76
322.32,110.02,353.33,138.96
323.03,116.25,354.11,145.26
326.26,117.26,356.82,145.78
334.15,103.88,365.28,132.94
337.92,94.363,368.38,122.79
334.9,79.622,365.61,108.28
336.88,85.721,367.28,114.1
336.82,87.175,367.27,115.6
336.71,81.699,367.13,110.09
338.43,67.427,370.1,96.996
337.88,61.781,370.62,92.342
344.79,43.361,378.43,74.773
345.76,37.805,380.53,70.361
345.17,27.498,380.56,60.709
337.92,30.317,373.43,63.693
326.28,34.744,360.84,67.228
321.45,32.994,355.93,65.405
314.55,28.481,348.71,60.589
304,16.117,338.96,49.025
296.19,23.129,330.15,55.092
293.97,30.593,328.59,63.205
289.86,45.249,324.64,78.027
285.13,51.644,319.71,84.242
282.57,65.536,317.92,98.871
NaN,NaN,NaN,NaN
279,84.5,315,118.5
286,103.67,322,137.67
286.28,108.72,322.47,142.91
285.58,106.78,322.37,141.52
286.04,113.02,322.5,147.46
286.31,126.03,323.5,161.15
290.21,131.3,327.41,166.44
295.27,117.13,332.31,152.12
296.89,106.63,334.29,141.96
297.98,95.609,335.81,131.34
299.73,81.88,338.59,118.59
300.14,79.486,338.81,116.01
296.29,72.135,335.54,109.22
294.88,66.011,334.7,103.63
296.92,59.895,336.49,97.277
299.55,64.326,339.07,101.66
305.92,79.371,342.27,113.7
302.83,107.82,338.91,141.89
302.66,65.616,340.12,100.99
301.5,16,337.5,50
330.87,-7.6609,368.45,27.832
NaN,NaN,NaN,NaN
NaN,NaN,NaN,NaN
352,9,388,43
334.5,30.5,374.5,68
318.6,63.8,354.6,97.8
315.5,96.75,351.5,130.75
310.39,143.17,345.67,176.49
302.37,171.4,336.48,203.61
301.13,188.79,335.06,220.83
300.98,215.46,333.64,246.3
298.23,221.16,330.74,251.86
295.43,212.38,328.38,243.49
289,202,319,230
318.94,228.64,348.67,256.38
325.24,259.2,355.79,287.72
329.28,269.25,360.66,298.54
318.15,273,349.71,302.46
308.72,272.21,340.38,301.77
306.9,275.36,338.49,304.84
304.52,280.37,336.36,310.09
305.97,256.12,336.81,284.9
310.46,235,340.37,262.92
314.85,213.39,344.41,240.98
316.93,210.18,346.09,237.39
315.64,223.83,344.35,250.63
299.49,213.65,327.4,239.7
295.1,188.36,323.07,214.46
291.38,153.92,319.7,180.35
283.01,146.55,311.33,172.97
265.37,145.37,292.93,171.09
264.67,153.91,292.73,180.1
268.37,143.73,296.82,170.28
270.17,128.57,298.74,155.23
274.82,118.93,303.99,146.15
275.98,105.64,305.44,133.13
277.44,97.967,306.92,125.47
278.33,104.57,308.1,132.36
282.47,83.434,313.05,111.98
275.8,68.048,306.26,96.477
264.54,93.894,296.87,124.08
266.69,118.44,298.99,148.6
269.25,155.87,301.13,185.63
265.14,163.19,297.44,193.33
263.87,142.9,295.96,172.85
266.09,124.1,298.19,154.06
266.56,82.405,298.82,112.52
268,63.5,304,97.5
268.3,51.279,303.72,84.729
271.55,50.75,306.95,84.176
283.07,44.16,317.94,77.091
285.64,35.733,320.46,68.615
278.27,14.549,312.71,47.077
287,12.333,320,43.333
288.7,9.2252,321.31,39.855
281.08,4.0671,314.7,35.652
281.47,19.215,315.78,51.441
286.07,38.663,319.65,70.209
301.12,72.64,335.18,104.64
301.62,85.372,335.74,117.42
296.19,90.389,329.89,122.04
306.3,79.323,340.61,111.56
311.66,68.792,346.71,101.72
307.85,60.77,342.8,93.605
301.68,75.525,336.44,108.17
300.52,82.071,334.87,114.34
302.9,90.952,337.67,123.66
309.88,103.52,345.12,136.7
310.54,120.43,346.49,154.32
304.74,121.2,340.67,155.06
302.21,96.676,338.99,131.36
274.3,107.17,311.4,142.17
279.85,159.24,317.66,194.9
297.3,143.41,337.32,181.18
303.73,120.41,344.88,159.24
332.42,138.64,375.85,179.61
340.9,147.94,385.25,189.66
342.15,141.91,386.37,183.51
335.26,115.33,379.13,156.5
323.76,100.49,367.72,141.74
300.68,81.856,344.43,122.84
293.48,74.769,337.39,115.91
288.18,78.879,332.15,120.01
287.23,93.622,330.81,134.35
288.81,94.457,332.07,134.86
289.18,92.241,332.43,132.63
277.44,80.574,320.98,121.23
263.22,65.473,305.98,105.4
261.8,57.026,305.95,98.228
263.05,62.96,306.5,103.52
262.73,68.026,306.43,108.8
266.4,69.435,309.68,109.81
266.51,59.686,310.05,100.31
272.65,60.115,315.93,100.5
277.98,71.109,321.09,111.33
285.64,88.567,328.45,128.51
287.53,92.525,330.32,132.44
288.2,88.361,329.59,126.98
288.6,84.852,329.9,123.38
289.24,90.541,330.12,128.68
292.17,72.94,335.11,112.99
297.25,67.335,340.42,107.6
310.98,78.284,354.36,118.75
321.77,89.196,365.56,130.03
323.64,81.688,368.28,123.31
320.26,68.502,365.67,110.84
317.61,66.784,363.74,109.79
314.24,69.747,360.34,112.73
315.72,93.836,360.51,135.58
315.79,106.2,360.31,147.69
313.09,105.82,357.53,147.24
306.85,97.903,350.2,138.3
303.26,93.182,345.47,132.51
298.73,95.298,340.37,134.1
295.95,94.513,336.26,132.08
290.1,96.324,328.43,132.04
287.39,100.3,325.14,135.47
286.12,109.54,322.48,143.41
286.31,118.37,321.96,151.58
285.4,124.08,320.61,156.88
280.8,123.41,314.91,155.19
278.52,102.56,312.2,133.93
278,91.208,312.22,123.09
277.95,74.621,312.98,107.26
276.48,76.947,310.66,108.78
273.68,83.378,307.5,114.88
274.2,93.797,307.76,125.06
275.83,90.981,309.17,122.04
281.44,74.876,313.94,105.15
283.56,73.785,315.14,103.2
286.37,90.004,318.05,119.52
285.74,97.811,316.95,126.9
285.82,103.06,316.43,131.59
279.82,112.17,310.34,140.62
265.84,149.41,295.98,177.52
253.8,179.68,283.3,207.2
249.2,193.08,278.81,220.71
245.84,204.3,275.64,232.1
247.83,202.5,276.9,229.62
256.28,190.51,284.94,217.26
269.63,179,297.88,205.25
275.95,176.73,304.34,203.11
281.87,213.01,310.57,239.67
303.83,283.56,334.51,312.08
307.56,218.13,338.19,246.6
312.25,194.68,343.46,223.69
312.02,190.12,343.03,218.97
313.85,208,346.05,237.96
322.85,212.82,355.74,243.43
327.59,193.09,360.99,224.18
325.75,178.06,359.05,209.05
329.81,157.41,363.37,188.64
332.38,154.31,366.27,185.84
343.57,183.11,378.09,215.24
347.2,203.96,383.18,237.44
347.05,228.99,383.61,263.02
332.96,217,369.89,251.37
313.62,186.95,350.3,221.21
305.71,174.17,342.22,208.37
297.38,151.95,334.22,186.45
299.76,141.62,336.14,175.76
301.78,150.62,338.56,185.14
304.81,179.21,341.99,214.1
309.55,185.23,347.22,220.59
314.78,188.74,353.91,225.48
311.73,180.31,350.8,216.98
303.09,140.58,342.17,177.27
301.51,132.83,340.77,169.68
299.77,134.26,339.64,171.68
302.07,131.74,341.79,169.02
303.22,154.18,343.43,191.93
303.91,161.87,344.19,199.69
305.09,168.11,345.28,205.84
311.95,199.09,352.74,237.39
317.86,216.03,360.32,255.81
317.51,215.03,360.7,255.43
314.83,210.23,358.1,250.72
309.22,200.51,352.24,240.71
305.36,197.86,347.64,237.37
288,183,332,224
279.8,169.3,323.37,209.9
277.3,165.02,321.41,206.13
272.56,168.44,317.24,210.08
270.78,174.48,315.36,216.03
284.93,164.25,330.26,206.49
281.01,150.87,325.9,192.71
284.35,138.49,330.32,181.33
277.73,120.23,324.29,163.62
285.57,123.55,332.13,166.94
286.93,129.99,333.59,173.48
281.34,144.36,327.99,187.85
283.9,157.57,330.62,201.11
286.33,180.07,333.14,223.69
286.05,174.49,332.54,217.81
287.23,170.39,334.61,214.54
288.27,168.16,336.56,213.16
294.98,154.71,344.06,200.45
302.75,167.08,352.88,213.79
306.74,173.28,357.08,220.2
308.56,166.62,360.17,214.87
300.38,167.02,352.64,215.88
297.98,177.02,350.53,226.26
292.9,175.53,345.45,224.78
295.07,155.66,348.45,205.68
299.01,154.64,352.77,205.02
305.81,151.17,361.32,203.19
313.89,158.58,371.7,212.75
319.47,154.79,379.13,210.72
322.26,148.35,382.64,204.94
325.61,141.61,387.01,199.16
320.53,134.9,381.59,192.13
311.66,142.17,372.05,198.77
301.24,132.21,360.94,188.17
292.38,151.12,351.83,206.84
282.55,159.76,342.47,215.92
276.88,154.92,336.78,211.06
262.89,160.34,323.24,216.9
257.1,162.36,317.72,219.18
263.71,159.95,324.59,217.01
271.43,166.09,332.87,223.68
276.49,166.31,338.27,224.22
287.34,152.28,350.35,211.34
297.65,138.25,361.75,198.33
300.53,140.21,365.09,200.72
302.35,139.31,367.21,200.11
300.95,129.55,365.86,190.63
297.96,125.26,364.48,187.86
299.7,131.05,368.75,196.03
302.67,125.41,374.15,192.68
305.03,124.73,377.89,193.3
308.25,124.13,381.45,193.01
311.12,111.6,385.5,181.59
306.74,106.52,382.7,178
304.06,101.59,381.3,174.29
305.44,99.604,383.7,173.25
308.95,89.865,390.82,166.92
309.07,86.034,392.27,164.34
311.32,101.09,394.65,179.52
308.86,110.29,391.3,187.88
303.66,95.867,386.04,173.41
289.73,77.372,372.25,155.03
284.84,79.226,368.13,157.61
278.22,106.6,361.93,185.4
287.03,122.68,370.14,200.9
290.78,125.17,373.3,202.83
303.48,119.55,385.89,197.11
307.54,109.92,390.08,187.61
311.73,84.59,394.7,162.69
309.72,72.031,391.62,149.11
305.86,75.938,387.47,152.74
305.73,79.972,387.42,156.86
311.3,81.68,394.01,159.53
314.01,78.072,397.29,156.46
330.46,70.133,416.67,151.27
347.15,73.831,435.86,157.33
346.07,69.928,434.46,153.13
332.28,55.545,419.49,137.63
328.71,57.018,416.56,139.7
325.26,52.351,413.5,135.4
315.38,41.159,401.61,122.31
310.12,25.859,393.42,104.26
311.88,5.969,393.38,82.674
316.12,-2.786,397.44,73.744
323.27,-3.643,401.73,70.199
325.74,1.2804,402.32,73.353
339.65,17.079,410.78,84.015
329.56,22.812,398.14,87.342
315.91,38.46,379.23,98.041
312.55,51.159,373.9,108.89
305.18,69.845,363.09,124.33
291.3,93.592,345.78,144.85
288.27,103.77,341.17,153.54
275.91,126.06,326.65,173.79
269,137.89,317.45,183.47
261.74,131.09,308.22,174.81
273.15,105.49,317.82,147.5
283.2,93.284,328.02,135.44
298.82,77.037,343.05,118.63
300.12,77.855,343.4,118.56
293.35,86.201,335.51,125.76
302.06,82.211,344.08,121.63
319,72.922,361.79,113.08
323.91,63.099,367.07,103.59
335.82,87.282,378.18,126.95
327.36,96.67,368.7,135.39
310.01,69.923,351.26,108.55
309.3,17.789,351.66,57.456
311.61,40.147,352.68,78.605
300.36,58.303,340.28,95.686
295.02,86.762,333.72,123
295.71,85.573,334.57,121.96
303.05,68.684,342.92,106.02
301.28,59.487,342.47,98.069
300.74,65.212,342.39,104.21
297.84,71.011,339.09,109.65
299.46,39.557,341.29,78.735
297.33,-16.9,343.25,26.113
299.08,-34.423,345.77,9.3146
NaN,NaN,NaN,NaN
NaN,NaN,NaN,NaN
NaN,NaN,NaN,NaN
NaN,NaN,NaN,NaN
NaN,NaN,NaN,NaN
NaN,NaN,NaN,NaN
NaN,NaN,NaN,NaN
NaN,NaN,NaN,NaN
NaN,NaN,NaN,NaN
NaN,NaN,NaN,NaN
308.5,53,344.5,87
300.17,58.333,338.83,94.667
297.55,64.705,336.75,101.54
302.75,67.138,342.21,104.22
308.91,59.611,348.93,97.219
303.41,43.135,344.4,81.651
299.91,29.722,341.33,68.642
298.82,28.255,340.2,67.143
297.43,36.514,339.87,76.304
297.55,49.282,338.94,88.092
300.85,62.432,342.28,101.29
301.97,68.724,343.38,107.55
306.37,80.652,346.53,118.31
308.81,85.711,348.93,123.33
NaN,NaN,NaN,NaN
NaN,NaN,NaN,NaN
NaN,NaN,NaN,NaN
NaN,NaN,NaN,NaN
NaN,NaN,NaN,NaN
NaN,NaN,NaN,NaN
NaN,NaN,NaN,NaN
NaN,NaN,NaN,NaN
NaN,NaN,NaN,NaN
NaN,NaN,NaN,NaN
NaN,NaN,NaN,NaN
NaN,NaN,NaN,NaN
NaN,NaN,NaN,NaN
NaN,NaN,NaN,NaN
NaN,NaN,NaN,NaN
NaN,NaN,NaN,NaN
NaN,NaN,NaN,NaN
NaN,NaN,NaN,NaN
NaN,NaN,NaN,NaN
NaN,NaN,NaN,NaN
NaN,NaN,NaN,NaN
NaN,NaN,NaN,NaN
NaN,NaN,NaN,NaN
NaN,NaN,NaN,NaN
NaN,NaN,NaN,NaN
NaN,NaN,NaN,NaN
NaN,NaN,NaN,NaN
NaN,NaN,NaN,NaN
NaN,NaN,NaN,NaN
NaN,NaN,NaN,NaN
NaN,NaN,NaN,NaN
NaN,NaN,NaN,NaN
NaN,NaN,NaN,NaN
NaN,NaN,NaN,NaN
NaN,NaN,NaN,NaN
NaN,NaN,NaN,NaN
NaN,NaN,NaN,NaN
NaN,NaN,NaN,NaN
NaN,NaN,NaN,NaN
NaN,NaN,NaN,NaN
NaN,NaN,NaN,NaN
NaN,NaN,NaN,NaN
NaN,NaN,NaN,NaN
NaN,NaN,NaN,NaN
NaN,NaN,NaN,NaN
NaN,NaN,NaN,NaN
NaN,NaN,NaN,NaN
NaN,NaN,NaN,NaN
NaN,NaN,NaN,NaN
NaN,NaN,NaN,NaN
NaN,NaN,NaN,NaN
NaN,NaN,NaN,NaN
NaN,NaN,NaN,NaN
NaN,NaN,NaN,NaN
NaN,NaN,NaN,NaN
NaN,NaN,NaN,NaN
NaN,NaN,NaN,NaN
NaN,NaN,NaN,NaN
NaN,NaN,NaN,NaN
NaN,NaN,NaN,NaN
NaN,NaN,NaN,NaN
NaN,NaN,NaN,NaN
NaN,NaN,NaN,NaN
NaN,NaN,NaN,NaN
NaN,NaN,NaN,NaN
NaN,NaN,NaN,NaN
NaN,NaN,NaN,NaN
NaN,NaN,NaN,NaN
NaN,NaN,NaN,NaN
NaN,NaN,NaN,NaN
NaN,NaN,NaN,NaN
NaN,NaN,NaN,NaN
NaN,NaN,NaN,NaN
NaN,NaN,NaN,NaN
NaN,NaN,NaN,NaN
NaN,NaN,NaN,NaN
NaN,NaN,NaN,NaN
NaN,NaN,NaN,NaN
NaN,NaN,NaN,NaN
NaN,NaN,NaN,NaN
NaN,NaN,NaN,NaN
NaN,NaN,NaN,NaN
NaN,NaN,NaN,NaN
NaN,NaN,NaN,NaN
NaN,NaN,NaN,NaN
NaN,NaN,NaN,NaN
NaN,NaN,NaN,NaN
NaN,NaN,NaN,NaN
NaN,NaN,NaN,NaN
261,27,297,61
277.97,5.544,312.68,38.331
288.95,4.5459,323.41,37.084
298.28,0.42136,332.5,32.737
298,-19.332,332.06,12.84
NaN,NaN,NaN,NaN
NaN,NaN,NaN,NaN
NaN,NaN,NaN,NaN
260,2,290,30
263.7,23.857,292.78,50.991
264.7,26.114,293.28,52.782
261.71,27.544,289.87,53.822
268.01,26.994,295.57,52.709
291.73,22.315,319.1,47.856
296.51,9.9106,324.09,35.64
296.35,17.626,323.19,42.672
289.34,26.649,315.54,51.093
287.11,13.883,312.84,37.813
285.08,3.15,311.52,27.738
273.58,20.76,300.59,45.882
271.97,21.538,299.89,47.506
278,11,305.5,36.5
284.23,1.8301,311.78,27.376
293.5,2,318.5,25
NaN,NaN,NaN,NaN
NaN,NaN,NaN,NaN
302.33,6.3333,329,31
293.12,29.809,318.41,53.196
290.49,40.31,315.9,63.81
290.94,64.602,315.12,86.928
289.87,77.867,313.99,100.14
282.98,99.544,307.57,122.23
279.9,101.92,304.49,124.6
280.25,98.485,304.84,121.16
280.44,82.403,304.76,104.83
275.58,63.64,299.92,86.079
269.13,53.556,293.8,76.298
264.74,52.246,289.46,75.027
258.44,54.745,283.26,77.607
258.25,72.951,282.91,95.663
266.89,120.67,289.67,141.44
271.78,144.11,294.07,164.44
274.69,160.65,296.92,180.93
281.25,128.9,303.69,149.36
287.23,117.52,309.66,137.97
292.86,95.831,316.01,116.95
294.33,73.716,317.54,94.89
284.8,37.2,308.2,58.6
295.6,34.366,319.45,56.184
302.73,29.957,326.53,51.722
310.36,38.873,333.98,60.469
312.02,35.77,337.11,58.75
313.08,42.008,338.22,65.043
310.17,61.889,335.87,85.437
307.58,65.351,333.9,89.468
303.43,77.333,330.47,102.11
296.38,85.109,321.91,108.5
292.15,79.549,317.91,103.15
279.43,74.22,306.36,98.897
274.49,70.831,301.58,95.654
269.67,64.581,297.43,90.014
267.73,68.14,295.66,93.74
258.78,74.581,287.33,100.75
252.91,93.345,281.1,119.18
251.46,99.647,279.33,125.19
252.16,108,280.25,133.74
248.59,111.42,276.71,137.19
247.57,104.8,276.3,131.14
246.55,109.59,275.18,135.83
242.03,113.97,270.72,140.26
228.21,98.909,257.53,125.9
225.42,101.58,254.99,128.9
225.92,126.33,256.12,154.24
227.13,131.13,258.54,160.16
229.04,100.89,261.51,130.9
235.2,102.81,268.25,133.36
233.56,107.8,267.01,138.72
224.89,100.78,258.52,131.87
220.91,107.03,254.99,138.53
219.16,117.77,253.86,149.85
215.78,126.07,251.24,159.03
215.65,117.28,251.68,150.9
212.34,114.69,248.96,148.86
214.67,118.53,252.39,153.73
214.1,118.72,253.05,155.08
211.43,114.91,250.68,151.55
202.62,92.849,243.49,131
208.21,97.093,250.59,136.65
220.49,78.517,263.64,118.8
225.58,69.372,270.25,111.06
237.07,89.657,281.72,131.31
249.62,117.11,294.51,158.98
252.89,130.91,298.02,173.01
258.82,146.32,304.88,189.29
253.36,127.97,300.68,172.11
249.37,116.61,296.37,160.45
241.69,96.996,289.86,141.94
239.18,89.188,287.55,134.31
235.54,76.719,283.91,121.85
233.23,76.426,281.4,121.37
228.31,81.205,275.98,125.68
228.87,76.752,275.69,120.42
232.7,70.346,279.72,114.21
233.79,78.298,280.9,122.25
232.85,114.04,278.26,156.39
233.66,130.18,279.97,173.37
235.56,157.58,282.8,201.64
243.3,196.64,288.31,238.61
242.69,207.77,288.22,250.24
234.91,206.96,279.58,248.61
224.65,198.74,269.73,240.79
214.99,179.1,260.69,221.72
211.84,164.56,256.81,206.49
221.88,147.59,266.2,188.92
240.21,135.43,283.96,176.22
246.57,132.43,289.96,172.88
252.31,135.61,295.28,175.66
250.94,105.32,294.28,145.72
254.59,68.771,298.06,109.28
251.73,55.972,296.24,97.467
257.46,14.369,302.53,56.378
255.57,4.7979,300.66,46.819
258.45,9.9055,303.23,51.644
266.53,14.035,311.06,55.529
274.39,12.404,318.46,53.473
276.65,23.141,319.62,63.184
285.52,49.723,325.26,86.751
304.05,57.599,343.47,94.327
305,79.869,345.62,117.72
305.09,84.425,346.55,123.06
300.65,82.388,345.1,123.8
304.75,108.72,350.34,151.21
306.2,126.42,351.95,169.05
303.69,144.44,349.23,186.87
300.61,156.21,342.42,195.16
297.1,169.32,339.21,208.57
296.52,173.66,339.58,213.78
298.62,173.12,341.2,212.8
294.16,155.39,337.57,195.84
295.01,122.73,338.79,163.52
300.86,106.92,345.2,148.23
303.88,102.42,348.63,144.12
299,80.56,343.92,122.43
285.88,47.372,330.18,88.655
279.25,-14.723,323.33,26.35
NaN,NaN,NaN,NaN
NaN,NaN,NaN,NaN
NaN,NaN,NaN,NaN
NaN,NaN,NaN,NaN
NaN,NaN,NaN,NaN
NaN,NaN,NaN,NaN
279,44,323,85
281.22,48.841,325.86,90.432
279.29,26.018,326.51,70.027
292.89,16.901,340.69,61.448
296.64,17.888,344.39,62.385
287.97,17.066,335.11,60.992
272.91,23.16,319.02,66.127
268.89,31.949,314.12,74.093
268.58,48.723,313.26,90.357
267.79,63.831,311.42,104.49
264.22,68.165,306.91,107.95
258.91,74.058,302.71,114.87
258.91,49.359,301.94,89.449
256.42,-5.3075,301.22,36.439
246.67,-16.166,291.71,25.806
NaN,NaN,NaN,NaN
NaN,NaN,NaN,NaN
NaN,NaN,NaN,NaN
NaN,NaN,NaN,NaN
NaN,NaN,NaN,NaN
NaN,NaN,NaN,NaN
NaN,NaN,NaN,NaN
NaN,NaN,NaN,NaN
NaN,NaN,NaN,NaN
NaN,NaN,NaN,NaN
NaN,NaN,NaN,NaN
NaN,NaN,NaN,NaN
NaN,NaN,NaN,NaN
289,9,325,43
310.92,38.516,345.98,71.623
321.76,4.671,356.78,37.749
329.8,3.6183,364.72,36.601
348.53,4.398,384.1,37.993
361.51,-7.2826,398.44,27.597
377.49,-11.278,415.86,24.96
389.6,13.384,427.8,49.462
382.98,40.087,420.78,75.787
377.42,42.451,415.74,78.647
384.36,31.495,424.2,69.131
395.25,-10.946,437.79,29.241
NaN,NaN,NaN,NaN
NaN,NaN,NaN,NaN
NaN,NaN,NaN,NaN
NaN,NaN,NaN,NaN
NaN,NaN,NaN,NaN
NaN,NaN,NaN,NaN
NaN,NaN,NaN,NaN
NaN,NaN,NaN,NaN
NaN,NaN,NaN,NaN
NaN,NaN,NaN,NaN
NaN,NaN,NaN,NaN
NaN,NaN,NaN,NaN
NaN,NaN,NaN,NaN
NaN,NaN,NaN,NaN
NaN,NaN,NaN,NaN
370,100,406,134
380.24,120.74,416.38,154.88
379.93,108.69,416.69,143.4
373.15,120.06,409.69,154.57
352.61,148.33,387.49,181.27
345,156,381,190
351.19,159.37,387.79,193.94
352.78,166.33,389.26,200.79
351.19,184.07,387.59,218.45
349.09,187.56,385.46,221.91
348.7,176.61,384.59,210.5
345.14,173.18,381.09,207.13
338.35,168.97,374.26,202.89
334.58,163.97,370.81,198.18
332.28,152.05,368.41,186.17
330.07,144.45,365.38,177.8
325.35,137.54,360.53,170.76
322.02,130.88,357.09,164
322,113.06,357.16,146.26
324.43,112.71,360.71,146.86
327.35,116.35,363.74,150.59
322.84,96.996,359.63,131.64
331.97,92.027,369.15,127.04
324.5,89.789,361.15,124.31
322.72,82.997,358.79,116.99
316.92,79.486,352.97,113.48
310.62,93.466,346.06,126.9
300.72,101.09,336.25,134.62
297.05,105.17,333.15,139.24
282.96,105.61,319.41,140
279.51,100.1,316.33,134.86
283,106.21,321.34,142.39
286.96,120.04,328.86,159.59
285.35,116.81,328.27,157.32
282.65,107.82,326.07,148.68
291.15,80.525,334.85,121.64
300.23,67.698,343.96,108.75
304.29,72.216,348.36,113.5
306.06,86.981,351.89,129.93
303.94,89.4,350.14,132.69
302.55,96.172,349.31,139.98
301.58,102.03,349.09,146.56
300,111,344,152
285.75,83.39,330.17,124.78
296.02,87.42,340.21,128.6
290.32,99.118,334.72,140.49
297.51,90.316,342.32,132.07
306.68,77.833,353.92,121.85
312.1,81.669,359.73,126.05
321.73,105.92,369.48,150.43
326.65,115.82,374.4,160.32
333.56,111.1,385.37,159.39
338.57,106.97,392.16,156.92
342.4,113.84,396.83,164.58
339.26,106.76,393.92,157.71
338.78,88.178,393.94,139.74
338.79,83.384,396.75,137.57
337.44,83.263,395.65,137.68
334.47,83.591,392.46,137.81
334.73,79.746,393.15,134.37
336.52,79.634,397.15,136.32
333.89,96.89,396.88,155.78
317.7,97.708,382.73,158.51
316.5,94.505,382.77,156.48
319.82,96.893,387.92,160.57
339.71,94.529,409.04,159.36
352.26,79.938,423.82,146.86
357.85,71.395,431.84,140.59
363.86,66.92,441.08,139.13
365.47,66.601,443.01,139.12
354.96,72.464,434.49,146.83
344.87,83.899,425.31,159.13
339.81,86.921,419.18,161.15
339.72,86.922,418.23,160.34
352.59,87.786,427.63,157.96
357.84,88.882,432.65,158.84
358.53,94.297,432.62,163.58
345.01,90.298,415.91,156.6
326.16,96.295,395.45,161.09
311.08,108.15,379.78,172.39
304.42,105.34,371.51,168.07
284.86,73.347,351.46,135.62
278.77,35.149,346.32,98.31
289.75,29.852,355.11,90.963
307.44,46.372,370.78,105.59
301.57,53.041,363.9,111.32
280.94,59.835,337.42,112.64
296.16,65.659,353.22,119
297.53,71.375,353.8,123.98
294.31,62.883,348.22,113.28
289.49,53.021,343.52,103.52
283.52,38.821,336.32,88.172
283.07,40.171,335.53,89.211
276.82,40.021,327.15,87.066
NaN,NaN,NaN,NaN
NaN,NaN,NaN,NaN
NaN,NaN,NaN,NaN
NaN,NaN,NaN,NaN
NaN,NaN,NaN,NaN
NaN,NaN,NaN,NaN
NaN,NaN,NaN,NaN
NaN,NaN,NaN,NaN
NaN,NaN,NaN,NaN
NaN,NaN,NaN,NaN
NaN,NaN,NaN,NaN
NaN,NaN,NaN,NaN
NaN,NaN,NaN,NaN
NaN,NaN,NaN,NaN
NaN,NaN,NaN,NaN
NaN,NaN,NaN,NaN
NaN,NaN,NaN,NaN
NaN,NaN,NaN,NaN
280.5,76,316.5,110
277.86,88.82,315.07,123.96
273.72,78.593,311.17,113.96
268.98,33.708,307.46,70.052
268.02,14.529,307.08,51.425
278.65,16.502,318.58,54.216
287.41,18.656,327.56,56.586
288.68,7.5267,329.8,46.366
282.21,4.1498,323.5,43.153
273.01,9.6611,314.6,48.947
267.45,21.736,308.11,60.142
257.76,24.223,297.13,61.414
254.69,28.787,293.37,65.319
258.14,38.056,294.77,72.65
259.91,48.117,295.92,82.124
253.88,57.956,289.03,91.151
273.96,61.009,309,94.1
280.55,45.226,316.48,79.158
298.55,50.242,335.61,85.242
296.26,52.088,333.38,87.146
294.78,38.92,332.37,74.424
293.23,54.657,330.31,89.674
293.75,65.091,330.55,99.852
298.74,78.98,334.95,113.18
309.4,79.226,345.64,113.45
372.97,62.729,411.69,99.301
NaN,NaN,NaN,NaN
NaN,NaN,NaN,NaN
NaN,NaN,NaN,NaN
NaN,NaN,NaN,NaN
NaN,NaN,NaN,NaN
NaN,NaN,NaN,NaN
366.5,91.5,406.5,129
293.41,88.411,332.59,125.15
279.49,82.825,318.68,119.57
247,72,283,106
237.82,74.478,278.29,112.71
NaN,NaN,NaN,NaN
NaN,NaN,NaN,NaN
NaN,NaN,NaN,NaN
NaN,NaN,NaN,NaN
NaN,NaN,NaN,NaN
NaN,NaN,NaN,NaN
NaN,NaN,NaN,NaN
NaN,NaN,NaN,NaN
NaN,NaN,NaN,NaN
NaN,NaN,NaN,NaN
NaN,NaN,NaN,NaN
NaN,NaN,NaN,NaN
NaN,NaN,NaN,NaN
NaN,NaN,NaN,NaN
NaN,NaN,NaN,NaN
NaN,NaN,NaN,NaN
NaN,NaN,NaN,NaN
NaN,NaN,NaN,NaN
NaN,NaN,NaN,NaN
NaN,NaN,NaN,NaN
NaN,NaN,NaN,NaN
NaN,NaN,NaN,NaN
NaN,NaN,NaN,NaN
NaN,NaN,NaN,NaN
NaN,NaN,NaN,NaN
NaN,NaN,NaN,NaN
NaN,NaN,NaN,NaN
NaN,NaN,NaN,NaN
NaN,NaN,NaN,NaN
NaN,NaN,NaN,NaN
NaN,NaN,NaN,NaN
NaN,NaN,NaN,NaN
NaN,NaN,NaN,NaN
NaN,NaN,NaN,NaN
NaN,NaN,NaN,NaN
NaN,NaN,NaN,NaN
NaN,NaN,NaN,NaN
NaN,NaN,NaN,NaN
NaN,NaN,NaN,NaN
NaN,NaN,NaN,NaN
NaN,NaN,NaN,NaN
NaN,NaN,NaN,NaN
NaN,NaN,NaN,NaN
NaN,NaN,NaN,NaN
NaN,NaN,NaN,NaN
NaN,NaN,NaN,NaN
NaN,NaN,NaN,NaN
NaN,NaN,NaN,NaN
NaN,NaN,NaN,NaN
NaN,NaN,NaN,NaN
179,167,209,195
193.02,169.12,221.51,195.71
NaN,NaN,NaN,NaN
NaN,NaN,NaN,NaN
NaN,NaN,NaN,NaN
NaN,NaN,NaN,NaN
NaN,NaN,NaN,NaN
NaN,NaN,NaN,NaN
NaN,NaN,NaN,NaN
NaN,NaN,NaN,NaN
NaN,NaN,NaN,NaN
NaN,NaN,NaN,NaN
NaN,NaN,NaN,NaN
NaN,NaN,NaN,NaN
NaN,NaN,NaN,NaN
NaN,NaN,NaN,NaN
NaN,NaN,NaN,NaN
NaN,NaN,NaN,NaN
NaN,NaN,NaN,NaN
NaN,NaN,NaN,NaN
NaN,NaN,NaN,NaN
NaN,NaN,NaN,NaN
NaN,NaN,NaN,NaN
NaN,NaN,NaN,NaN
NaN,NaN,NaN,NaN
NaN,NaN,NaN,NaN
NaN,NaN,NaN,NaN
NaN,NaN,NaN,NaN
NaN,NaN,NaN,NaN
NaN,NaN,NaN,NaN
NaN,NaN,NaN,NaN
NaN,NaN,NaN,NaN
NaN,NaN,NaN,NaN
NaN,NaN,NaN,NaN
NaN,NaN,NaN,NaN
NaN,NaN,NaN,NaN
NaN,NaN,NaN,NaN
NaN,NaN,NaN,NaN
NaN,NaN,NaN,NaN
NaN,NaN,NaN,NaN
NaN,NaN,NaN,NaN
NaN,NaN,NaN,NaN
NaN,NaN,NaN,NaN
NaN,NaN,NaN,NaN
NaN,NaN,NaN,NaN
NaN,NaN,NaN,NaN
NaN,NaN,NaN,NaN
NaN,NaN,NaN,NaN
NaN,NaN,NaN,NaN
NaN,NaN,NaN,NaN
NaN,NaN,NaN,NaN
NaN,NaN,NaN,NaN
NaN,NaN,NaN,NaN
NaN,NaN,NaN,NaN
NaN,NaN,NaN,NaN
NaN,NaN,NaN,NaN
NaN,NaN,NaN,NaN
NaN,NaN,NaN,NaN
NaN,NaN,NaN,NaN
NaN,NaN,NaN,NaN
NaN,NaN,NaN,NaN
NaN,NaN,NaN,NaN
NaN,NaN,NaN,NaN
NaN,NaN,NaN,NaN
NaN,NaN,NaN,NaN
NaN,NaN,NaN,NaN
NaN,NaN,NaN,NaN
NaN,NaN,NaN,NaN
NaN,NaN,NaN,NaN
NaN,NaN,NaN,NaN
300,90,344,131
296.48,95.148,340.1,135.79
273.41,67.254,315.74,106.69
267.65,57.837,310.29,97.566
265.57,57.915,307.02,96.538
271.65,50.76,312.81,89.111
273.69,46.011,314.99,84.492
277.34,41.069,318.78,79.675
279.83,45.63,320.74,83.744
289.26,54.537,329.11,91.665
304.78,46.982,345.13,84.577
316.26,45.072,356.25,82.327
331.53,44.766,370.82,81.366
327.82,40.421,366.86,76.789
315.14,38.345,353.18,73.783
310.43,43.025,348.26,78.269
312.66,53.695,349.07,87.612
316.42,65.021,352.85,99.075
320.22,65.51,356.63,99.633
314.08,47.102,350.67,81.457
313.08,36.681,349.74,71.153
324,46,354,74
335.23,53.247,365.89,81.872
332.36,48.907,363.47,77.946
328.23,46.352,359.24,75.299
329.3,73.759,360.64,103.01
334.25,88.601,365.38,117.66
337.2,98.186,368.36,127.27
334.49,90.245,366.24,119.89
329.02,80.853,360.45,110.2
319.67,66.62,352.55,97.315
309.01,58.843,342.32,89.946
303.73,68.014,337.28,99.341
302.99,75.748,336.55,107.08
295.32,81.945,329.14,113.52
286.33,75.706,320.9,107.98
281.47,70.261,316.55,103.02
277.07,62.992,313.41,96.923
277.41,65.143,313.86,99.18
278.71,69.416,316.3,104.51
281.17,75.983,319.12,111.42
284.37,86.496,323.6,123.13
282.31,84.874,321.86,121.81
278.65,84.912,318.75,122.36
276.16,86.353,316.02,123.57
265.19,80.704,305.27,118.13
250.6,69.951,292.02,108.63
247.57,74.893,289.77,114.31
246.04,98.266,288.98,138.37
246.41,115.57,289.35,155.67
245.89,137.81,290.36,179.35
244.35,133.47,289.58,175.72
245.97,131.55,292.27,174.8
250.38,164.05,297.57,208.12
253.13,180.46,301.51,225.64
251.25,174.61,300.33,220.47
250.5,153.21,301.14,200.52
250.71,158.5,302.32,206.71
247.85,166.7,300.64,216.02
244.33,169.03,297.35,218.56
231.3,156.55,285.72,207.4
227.19,148.9,282.29,200.39
224.5,143.27,282.55,197.51
227.77,139.64,288.19,196.1
223.12,121.82,285.25,179.87
216.53,104.89,279.65,163.87
209.49,78.991,273.79,139.07
211.07,73.957,275.72,134.38
207.72,69.512,274.54,131.96
197.34,63.483,265.34,127.04
171.91,46.659,242.02,112.18
158.34,44.963,227.96,110.03
154.62,47.219,224.15,112.2
151.51,49.895,220.01,113.92
148.37,54.912,215.65,117.79
163.11,56.531,229.5,118.57
172.71,62.293,238.64,123.91
194.37,63.413,261.82,126.45
203.79,55.079,271.22,118.1
224.97,36.479,290.76,97.963
226.96,40.064,290.57,99.505
218.8,40.519,281.47,99.088
186.68,11.978,249.99,71.146
170.1,-12.419,234.54,47.798
139.52,-20.132,201.71,37.985
132.52,-0.15808,194.02,57.314
121.7,32.063,179.77,86.318
127.03,31.787,184.1,85.104
126.91,24.167,183.74,77.26
114.39,32.79,169.3,84.093
114.49,59.407,167.32,108.88
120.24,65.769,171.45,113.72
130.46,66.205,179.5,112.13
134.05,53.684,183.26,99.767
145.25,60.787,193.23,105.72
151.17,65.351,199.12,110.25
165.73,40.148,214.61,85.916
164.41,13.563,212.38,58.486
164.65,25.194,211.38,68.955
167.87,40.259,213.57,83.049
173.32,49.581,218.62,92.002
190.23,43.738,235.42,86.043
208.11,18.472,253.22,60.708
207.84,23.999,252.75,66.045
200.83,66.575,244.34,107.32
196.12,80.682,238.9,120.74
185.73,45.57,228.6,85.71
179.19,38.106,222.51,78.659
189.91,65.824,232.86,106.04
199.15,68.324,242.24,108.66
192.09,45.045,235.69,85.874
189.89,27.953,233.25,68.551
188.54,34.457,231.46,74.634
192.06,46.718,234.99,86.913
187.55,37.764,230.75,78.212
190.32,12.241,234.1,53.241
195.89,19.215,239.7,60.239
217.43,49.307,258.88,88.113
227.14,48.225,268.64,87.08
209.72,34.165,251.79,73.553
217.12,52.722,259.36,92.275
235.65,80.555,275.04,117.43
237.02,44.324,277.01,81.754
232.67,26.226,272.52,63.527
NaN,NaN,NaN,NaN
NaN,NaN,NaN,NaN
NaN,NaN,NaN,NaN
NaN,NaN,NaN,NaN
NaN,NaN,NaN,NaN
NaN,NaN,NaN,NaN
NaN,NaN,NaN,NaN
NaN,NaN,NaN,NaN
NaN,NaN,NaN,NaN
237,37,267,65
260.59,21.496,292.1,50.916
NaN,NaN,NaN,NaN
NaN,NaN,NaN,NaN
NaN,NaN,NaN,NaN
NaN,NaN,NaN,NaN
NaN,NaN,NaN,NaN
NaN,NaN,NaN,NaN
NaN,NaN,NaN,NaN
NaN,NaN,NaN,NaN
NaN,NaN,NaN,NaN
NaN,NaN,NaN,NaN
NaN,NaN,NaN,NaN
NaN,NaN,NaN,NaN
NaN,NaN,NaN,NaN
NaN,NaN,NaN,NaN
NaN,NaN,NaN,NaN
NaN,NaN,NaN,NaN
NaN,NaN,NaN,NaN
NaN,NaN,NaN,NaN
NaN,NaN,NaN,NaN
NaN,NaN,NaN,NaN
NaN,NaN,NaN,NaN
NaN,NaN,NaN,NaN
NaN,NaN,NaN,NaN
NaN,NaN,NaN,NaN
NaN,NaN,NaN,NaN
NaN,NaN,NaN,NaN
NaN,NaN,NaN,NaN
NaN,NaN,NaN,NaN
NaN,NaN,NaN,NaN
NaN,NaN,NaN,NaN
380.5,109,464.5,188.5
380.59,89.042,467.32,171.13
383.32,64.788,472.83,149.51
388.99,35.218,481.44,122.72
393.01,16.405,486.95,105.31
396.93,-11.396,492.6,79.16
403.94,-25.146,501.65,67.331
NaN,NaN,NaN,NaN
NaN,NaN,NaN,NaN
NaN,NaN,NaN,NaN
NaN,NaN,NaN,NaN
NaN,NaN,NaN,NaN
NaN,NaN,NaN,NaN
NaN,NaN,NaN,NaN
NaN,NaN,NaN,NaN
NaN,NaN,NaN,NaN
NaN,NaN,NaN,NaN
NaN,NaN,NaN,NaN
NaN,NaN,NaN,NaN
NaN,NaN,NaN,NaN
NaN,NaN,NaN,NaN
NaN,NaN,NaN,NaN
NaN,NaN,NaN,NaN
NaN,NaN,NaN,NaN
NaN,NaN,NaN,NaN
330,86,374,127
326.7,85.154,370.46,125.94
317.39,79.668,361.27,120.56
312.56,76.412,357.05,117.87
302.35,67.514,345.94,108.13
301.84,56.289,345.78,97.226
305.01,45.808,349.36,87.139
302.92,18.894,347.36,60.301
308,10.032,352.62,51.603
312.96,9.9956,357.43,51.427
316.8,24.041,360.97,65.203
316.35,37.949,359.57,78.221
310.17,56.747,352.43,96.13
307.01,59.179,349.56,98.823
302.93,76.893,344.64,115.76
297.44,92.158,338.87,130.76
282.27,105.58,323.29,143.81
263.42,97.607,304.15,135.55
254.01,91.57,294.83,129.6
235.79,94.86,277.07,133.32
228.05,109.37,269.93,148.38
226.86,113.1,269.94,153.24
227.62,114.84,270.39,154.69
230.17,131.82,273.76,172.44
231.21,138.29,274.97,179.07
232.74,139.91,276.65,180.82
241.06,133.29,284.76,174.01
253.52,135.48,297.68,176.64
266.7,140.12,310.93,181.34
267,136,311,177
253.43,124.3,297.89,165.74
256.68,127.48,301.41,169.16
255.56,132.57,300.55,174.5
265.33,135.56,310.19,177.36
NaN,NaN,NaN,NaN
NaN,NaN,NaN,NaN
NaN,NaN,NaN,NaN
NaN,NaN,NaN,NaN
NaN,NaN,NaN,NaN
NaN,NaN,NaN,NaN
NaN,NaN,NaN,NaN
NaN,NaN,NaN,NaN
NaN,NaN,NaN,NaN
NaN,NaN,NaN,NaN
NaN,NaN,NaN,NaN
NaN,NaN,NaN,NaN
NaN,NaN,NaN,NaN
NaN,NaN,NaN,NaN
303,109,356,159
314.32,104.43,368.36,155.41
315.89,99.054,370.43,150.51
315.86,94.592,370.43,146.07
313.28,84.564,368.72,136.87
309.81,81.055,365.45,133.55
302.6,89.638,358.49,142.37
301.87,95.496,357.8,148.26
301.44,108.79,358.12,162.26
301.49,123.68,358.63,177.58
307.08,153.37,365.67,208.64
308.18,167.7,367.41,223.58
315.15,189.52,376.29,247.2
309.22,200.19,371.02,258.5
313.12,199.71,376.86,259.85
317.14,193.09,381.37,253.7
300.21,151.41,364.58,212.15
301.74,111.1,366.42,172.14
276.44,59.737,342.2,121.79
274.84,40.841,342.44,104.63
276.52,43.8,344.49,107.95
288.71,51.886,357.67,116.96
307.22,27.78,378.76,95.294
320.49,17.233,395.42,87.942
324.01,24.883,399.13,95.772
326.13,35.168,402.2,106.96
318.55,3.5937,397.03,77.661
315.16,-3.0008,394.63,72
314.21,3.4654,393.28,78.081
314.06,16.205,391.69,89.471
312.77,18.437,391.25,92.501
311.38,9.373,391.19,84.695
306.8,-1.4904,388.1,75.234
307.25,1.3874,389.3,78.826
306.27,1.1576,390.39,80.548
301.43,-2.0429,386.17,77.929
286.62,-28.258,372.22,52.523
277.36,-43.772,364.77,38.722
276.17,-64.431,364.39,18.827
285.49,-69.04,372.95,13.501
292.64,-66.022,379.2,15.672
300.67,-60.11,386.54,20.934
328.29,-37.874,412.35,41.458
327.65,-32,411.77,47.397
326.51,-29.949,408.7,47.622
326.43,4.2669,404.38,77.837
322.11,13.3,398.23,85.137
305.73,-4.1746,381.6,67.425
305.05,-14.794,381.04,56.92
314.38,-28.904,391.86,44.216
319.49,-28.352,397.2,44.988
322.89,-16.987,399.44,55.256
324.78,-18.875,400.04,52.147
331.27,-14.213,405.52,55.852
342.21,-11.259,416.54,58.886
343.48,-8.9128,416.72,60.201
341.05,2.3906,411.94,69.28
331.99,5.9936,400.25,70.406
NaN,NaN,NaN,NaN
NaN,NaN,NaN,NaN
NaN,NaN,NaN,NaN
NaN,NaN,NaN,NaN
NaN,NaN,NaN,NaN
NaN,NaN,NaN,NaN
NaN,NaN,NaN,NaN
NaN,NaN,NaN,NaN
NaN,NaN,NaN,NaN
NaN,NaN,NaN,NaN
NaN,NaN,NaN,NaN
NaN,NaN,NaN,NaN
NaN,NaN,NaN,NaN
NaN,NaN,NaN,NaN
NaN,NaN,NaN,NaN
NaN,NaN,NaN,NaN
NaN,NaN,NaN,NaN
NaN,NaN,NaN,NaN
NaN,NaN,NaN,NaN
NaN,NaN,NaN,NaN
NaN,NaN,NaN,NaN
NaN,NaN,NaN,NaN
NaN,NaN,NaN,NaN
304,52,348,93
297.45,75.032,340.96,115.57
285.47,98.913,328.38,138.9
280.79,96.856,324.05,137.17
274.49,75.767,316.03,114.47
274.76,63.735,315.84,102.01
279.07,53.858,319.32,91.35
285.11,55.792,324.59,92.575
284.33,62.846,323.67,99.498
288.03,84.918,327.32,121.52
290.75,127.64,330.28,164.46
297.16,142.47,337.28,179.84
303.5,137.5,343.5,175
309.67,92.27,350,130.08
315.69,66.316,355.74,103.85
317.25,66.786,357.1,104.14
NaN,NaN,NaN,NaN
317,16,353,50
318.27,-6.8636,354.63,27.485
317.92,-9.0467,354.25,25.263
312.61,-2.4663,348.47,31.399
310.73,-4.9908,346.52,28.814
308.99,-20.866,337.88,6.4121
304.95,-17.903,333.13,8.7037
300.86,-10.058,330.88,18.287
299.82,-6.2151,329.16,21.486
294.17,0.13218,322.79,27.15
287.89,7.693,316.56,34.766
291.54,20.499,320.41,47.747
293.81,12.08,323.43,40.049
302,28,340.67,64.333
NaN,NaN,NaN,NaN
NaN,NaN,NaN,NaN
NaN,NaN,NaN,NaN
283,2,327,43
283.23,3.1135,327.61,44.465
278.16,-2.9743,323,38.811
277.4,-4.776,322.25,37.021
280.03,-4.3838,324.67,37.219
280.08,-5.2355,324.27,35.942
278.42,-7.3032,323.27,34.495
277.69,-6.2618,322.32,35.324
280.31,-2.9183,324.9,38.626
284.52,7.6834,328.93,49.063
284.28,18.916,328.22,59.858
293.1,58.382,335.71,98.088
304.77,36.717,349.33,78.24
307,2,343,36
334.8,-25.634,377.99,15.172
NaN,NaN,NaN,NaN
NaN,NaN,NaN,NaN
NaN,NaN,NaN,NaN
NaN,NaN,NaN,NaN
NaN,NaN,NaN,NaN
NaN,NaN,NaN,NaN
NaN,NaN,NaN,NaN
NaN,NaN,NaN,NaN
NaN,NaN,NaN,NaN
NaN,NaN,NaN,NaN
NaN,NaN,NaN,NaN
NaN,NaN,NaN,NaN
292,36,336,77
288,2,332,43
300.27,7.6311,345.5,49.777
292.54,26.804,337.13,68.355
272.87,17.892,318.58,60.495
272.12,14.685,318.43,57.838
270.15,0.66143,316.78,44.118
270.96,-9.1133,318.7,35.375
268.28,-23.431,317.62,22.558
271.8,-40.312,324.93,9.2113
270.31,-42.068,326.84,10.631
270.13,-36.464,326.23,15.834
265.57,-29.537,324.21,25.125
265.32,-26.143,324.61,29.124
271.76,-0.4318,330.36,54.197
274.64,38.061,332.45,91.953
288,38,341,88
280.62,22.304,334.98,73.585
NaN,NaN,NaN,NaN
NaN,NaN,NaN,NaN
NaN,NaN,NaN,NaN
NaN,NaN,NaN,NaN
NaN,NaN,NaN,NaN
NaN,NaN,NaN,NaN
NaN,NaN,NaN,NaN
NaN,NaN,NaN,NaN
NaN,NaN,NaN,NaN
NaN,NaN,NaN,NaN
NaN,NaN,NaN,NaN
NaN,NaN,NaN,NaN
NaN,NaN,NaN,NaN
NaN,NaN,NaN,NaN
NaN,NaN,NaN,NaN
NaN,NaN,NaN,NaN
NaN,NaN,NaN,NaN
NaN,NaN,NaN,NaN
NaN,NaN,NaN,NaN
NaN,NaN,NaN,NaN
NaN,NaN,NaN,NaN
NaN,NaN,NaN,NaN
NaN,NaN,NaN,NaN
NaN,NaN,NaN,NaN
NaN,NaN,NaN,NaN
NaN,NaN,NaN,NaN
NaN,NaN,NaN,NaN
283,51,346,111
221.91,60.891,284.41,120.42
208.78,49.127,271.93,109.27
171.97,42.744,234.84,102.62
136.28,86.013,199.8,146.5
116.94,114.75,179.43,174.27
87.282,148.16,149.94,207.83
77.4,151.36,140.42,211.38
95.192,169.89,155.85,227.67
146.36,165.95,206.48,223.21
199.71,135.8,258.87,192.14
231.72,98.861,292.15,156.42
247.19,90.942,308.06,148.91
271.09,90.456,334.44,150.79
278.12,85.62,341.68,146.15
284.18,72.323,347.99,133.1
284.34,66.479,348.86,127.93
284.16,55.69,347.77,116.27
286.99,62.462,351.79,124.18
295.74,75.977,362.53,139.58
295.35,61.594,363.7,126.69
292.31,48.309,360.97,113.71
287.92,56.838,356.47,122.12
288.59,73.342,357.21,138.7
275.16,77.095,344.19,142.85
275.68,81.433,345.92,148.33
276.28,84.356,349.55,154.15
280.89,82.624,356.21,154.37
282.34,66.114,358.47,138.64
286.76,35.839,365.14,110.5
304.37,-14.668,390.22,67.117
328.83,-24.369,416.48,59.125
336.95,-29.295,425.49,55.057
340.41,-53.097,426.9,29.291
338.1,-51.267,423.54,30.125
328.63,-33.493,411.9,45.827
326.84,-24.735,408.67,53.219
327.64,-16.891,404.56,56.377
336.68,0.45473,413.17,73.319
336.65,2.4902,413.59,75.773
332.31,-5.7974,408.75,67.008
337.5,-14.257,411.63,56.351
334.57,-25.545,408.44,44.811
317.35,-47.321,395.19,26.829
312.18,-47.099,388.63,25.724
296.07,-28.633,377.78,49.194
279.5,0.030094,356.48,73.255
256.86,-27.42,333.54,45.526
247.87,-40.831,324.82,32.363
227.17,-24.546,298.31,43.116
210.41,-21.503,281.07,45.711
211.86,-41.692,279.52,22.663
218.92,-39.889,282.15,20.247
224.8,-42.022,288.42,18.487
234.03,-42.744,293.13,13.456
241.14,-49.607,300.38,6.7301
244.53,-47.204,300.67,6.1865
NaN,NaN,NaN,NaN
NaN,NaN,NaN,NaN
NaN,NaN,NaN,NaN
NaN,NaN,NaN,NaN
NaN,NaN,NaN,NaN
NaN,NaN,NaN,NaN
NaN,NaN,NaN,NaN
NaN,NaN,NaN,NaN
NaN,NaN,NaN,NaN
NaN,NaN,NaN,NaN
NaN,NaN,NaN,NaN
NaN,NaN,NaN,NaN
NaN,NaN,NaN,NaN
NaN,NaN,NaN,NaN
NaN,NaN,NaN,NaN
NaN,NaN,NaN,NaN
NaN,NaN,NaN,NaN
NaN,NaN,NaN,NaN
NaN,NaN,NaN,NaN
NaN,NaN,NaN,NaN
NaN,NaN,NaN,NaN
NaN,NaN,NaN,NaN
NaN,NaN,NaN,NaN
NaN,NaN,NaN,NaN
NaN,NaN,NaN,NaN
NaN,NaN,NaN,NaN
229,15,273,56
210.78,8.53,254.28,49.062
191.37,3.7724,233.53,43.056
187.97,28.594,228.79,66.621
189.37,40.414,230,78.27
193.22,36.927,234.91,75.765
198.93,34.102,240.42,72.757
NaN,NaN,NaN,NaN
237,58,273,92
251.85,47.529,287.22,80.935
249.33,26.261,285.17,60.109
246.81,0.13401,284.32,35.567
257.63,-7.2413,295.19,28.232
277.31,-8.2367,317.02,29.277
NaN,NaN,NaN,NaN
NaN,NaN,NaN,NaN
NaN,NaN,NaN,NaN
NaN,NaN,NaN,NaN
NaN,NaN,NaN,NaN
NaN,NaN,NaN,NaN
NaN,NaN,NaN,NaN
NaN,NaN,NaN,NaN
NaN,NaN,NaN,NaN
NaN,NaN,NaN,NaN
NaN,NaN,NaN,NaN
NaN,NaN,NaN,NaN
NaN,NaN,NaN,NaN
NaN,NaN,NaN,NaN
NaN,NaN,NaN,NaN
NaN,NaN,NaN,NaN
NaN,NaN,NaN,NaN
NaN,NaN,NaN,NaN
NaN,NaN,NaN,NaN
NaN,NaN,NaN,NaN
NaN,NaN,NaN,NaN
NaN,NaN,NaN,NaN
NaN,NaN,NaN,NaN
NaN,NaN,NaN,NaN
NaN,NaN,NaN,NaN
NaN,NaN,NaN,NaN
NaN,NaN,NaN,NaN
NaN,NaN,NaN,NaN
NaN,NaN,NaN,NaN
NaN,NaN,NaN,NaN
NaN,NaN,NaN,NaN
NaN,NaN,NaN,NaN
NaN,NaN,NaN,NaN
NaN,NaN,NaN,NaN
NaN,NaN,NaN,NaN
NaN,NaN,NaN,NaN
NaN,NaN,NaN,NaN
NaN,NaN,NaN,NaN
NaN,NaN,NaN,NaN
NaN,NaN,NaN,NaN
NaN,NaN,NaN,NaN
NaN,NaN,NaN,NaN
NaN,NaN,NaN,NaN
NaN,NaN,NaN,NaN
NaN,NaN,NaN,NaN
319,8,382,68
316.41,24.19,377.88,82.731
290.51,51.575,349.29,107.55
263.4,55.452,321.93,111.19
246.22,51.415,304.77,107.17
217.21,41.158,276.84,97.944
202.14,36.042,261.49,92.572
198.13,37.779,257.07,93.909
199.64,42.673,257.4,97.684
213.85,59.001,270.07,112.54
222.52,75.808,278.6,129.21
236.62,107.36,290.35,158.53
234.3,84.986,289.48,137.53
229.14,77.172,284.59,129.97
222.46,60.137,277.41,112.46
233,15,277,56
249.15,14.617,292.9,55.386
258.57,31.896,301.43,71.832
263.38,49.065,304.83,87.683
260.44,48.836,301.11,86.725
260.23,48.754,299.53,85.374
NaN,NaN,NaN,NaN
NaN,NaN,NaN,NaN
NaN,NaN,NaN,NaN
NaN,NaN,NaN,NaN
NaN,NaN,NaN,NaN
NaN,NaN,NaN,NaN
NaN,NaN,NaN,NaN
NaN,NaN,NaN,NaN
NaN,NaN,NaN,NaN
NaN,NaN,NaN,NaN
NaN,NaN,NaN,NaN
NaN,NaN,NaN,NaN
NaN,NaN,NaN,NaN
NaN,NaN,NaN,NaN
NaN,NaN,NaN,NaN
NaN,NaN,NaN,NaN
NaN,NaN,NaN,NaN
NaN,NaN,NaN,NaN
NaN,NaN,NaN,NaN
NaN,NaN,NaN,NaN
NaN,NaN,NaN,NaN
NaN,NaN,NaN,NaN
NaN,NaN,NaN,NaN
NaN,NaN,NaN,NaN
NaN,NaN,NaN,NaN
NaN,NaN,NaN,NaN
NaN,NaN,NaN,NaN
NaN,NaN,NaN,NaN
NaN,NaN,NaN,NaN
NaN,NaN,NaN,NaN
NaN,NaN,NaN,NaN
NaN,NaN,NaN,NaN
NaN,NaN,NaN,NaN
NaN,NaN,NaN,NaN
NaN,NaN,NaN,NaN
NaN,NaN,NaN,NaN
NaN,NaN,NaN,NaN
NaN,NaN,NaN,NaN
NaN,NaN,NaN,NaN
NaN,NaN,NaN,NaN
NaN,NaN,NaN,NaN
NaN,NaN,NaN,NaN
NaN,NaN,NaN,NaN
NaN,NaN,NaN,NaN
NaN,NaN,NaN,NaN
NaN,NaN,NaN,NaN
NaN,NaN,NaN,NaN
NaN,NaN,NaN,NaN
NaN,NaN,NaN,NaN
NaN,NaN,NaN,NaN
NaN,NaN,NaN,NaN
NaN,NaN,NaN,NaN
NaN,NaN,NaN,NaN
NaN,NaN,NaN,NaN
NaN,NaN,NaN,NaN
NaN,NaN,NaN,NaN
NaN,NaN,NaN,NaN
NaN,NaN,NaN,NaN
NaN,NaN,NaN,NaN
NaN,NaN,NaN,NaN
NaN,NaN,NaN,NaN
NaN,NaN,NaN,NaN
NaN,NaN,NaN,NaN
NaN,NaN,NaN,NaN
NaN,NaN,NaN,NaN
NaN,NaN,NaN,NaN
NaN,NaN,NaN,NaN
NaN,NaN,NaN,NaN
NaN,NaN,NaN,NaN
NaN,NaN,NaN,NaN
NaN,NaN,NaN,NaN
NaN,NaN,NaN,NaN
NaN,NaN,NaN,NaN
216,90,260,131
216.59,92.339,259.46,132.29
229.44,104.98,269.78,142.57
234.17,108.22,273.71,145.06
242.91,106.12,280.57,141.2
247.47,105.84,284.24,140.1
255.88,104.97,290.47,137.18
262.13,106.08,294.46,136.19
266.34,105.73,297.79,135.03
274.4,109.04,304.03,136.63
279.49,110.72,308.07,137.33
281.53,114.45,309.52,140.5
274.29,116.95,301.44,142.23
274.58,116.74,301.29,141.61
277.25,118.28,303.54,142.75
276.2,119.72,301.59,143.36
277.75,117.81,302.57,140.92
278.64,116.21,301.8,137.76
280.24,115.48,303.2,136.84
281.3,115.11,301.91,134.28
272.82,114.46,293.27,133.48
265.04,115.1,283.95,132.69
259.97,116.37,278.78,133.87
259.9,116.85,277.38,133.09
259.72,116.94,277.3,133.29
259.83,117.51,277.57,134
259.08,116.56,276.49,132.75
259.27,116.63,274.17,130.47
NaN,NaN,NaN,NaN
NaN,NaN,NaN,NaN
NaN,NaN,NaN,NaN
NaN,NaN,NaN,NaN
NaN,NaN,NaN,NaN
NaN,NaN,NaN,NaN
NaN,NaN,NaN,NaN
NaN,NaN,NaN,NaN
NaN,NaN,NaN,NaN
NaN,NaN,NaN,NaN
NaN,NaN,NaN,NaN
NaN,NaN,NaN,NaN
NaN,NaN,NaN,NaN
NaN,NaN,NaN,NaN
NaN,NaN,NaN,NaN
NaN,NaN,NaN,NaN
NaN,NaN,NaN,NaN
NaN,NaN,NaN,NaN
NaN,NaN,NaN,NaN
NaN,NaN,NaN,NaN
NaN,NaN,NaN,NaN
NaN,NaN,NaN,NaN
NaN,NaN,NaN,NaN
NaN,NaN,NaN,NaN
NaN,NaN,NaN,NaN
NaN,NaN,NaN,NaN
NaN,NaN,NaN,NaN
NaN,NaN,NaN,NaN
NaN,NaN,NaN,NaN
NaN,NaN,NaN,NaN
NaN,NaN,NaN,NaN
NaN,NaN,NaN,NaN
NaN,NaN,NaN,NaN
NaN,NaN,NaN,NaN
NaN,NaN,NaN,NaN
NaN,NaN,NaN,NaN
NaN,NaN,NaN,NaN
NaN,NaN,NaN,NaN
NaN,NaN,NaN,NaN
NaN,NaN,NaN,NaN
NaN,NaN,NaN,NaN
NaN,NaN,NaN,NaN
NaN,NaN,NaN,NaN
NaN,NaN,NaN,NaN
NaN,NaN,NaN,NaN
NaN,NaN,NaN,NaN
NaN,NaN,NaN,NaN
NaN,NaN,NaN,NaN
NaN,NaN,NaN,NaN
NaN,NaN,NaN,NaN
NaN,NaN,NaN,NaN
NaN,NaN,NaN,NaN
NaN,NaN,NaN,NaN
NaN,NaN,NaN,NaN
NaN,NaN,NaN,NaN
NaN,NaN,NaN,NaN
NaN,NaN,NaN,NaN
NaN,NaN,NaN,NaN
NaN,NaN,NaN,NaN
NaN,NaN,NaN,NaN
NaN,NaN,NaN,NaN
NaN,NaN,NaN,NaN
NaN,NaN,NaN,NaN
NaN,NaN,NaN,NaN
NaN,NaN,NaN,NaN
NaN,NaN,NaN,NaN
NaN,NaN,NaN,NaN
NaN,NaN,NaN,NaN
NaN,NaN,NaN,NaN
NaN,NaN,NaN,NaN
NaN,NaN,NaN,NaN
NaN,NaN,NaN,NaN
NaN,NaN,NaN,NaN
NaN,NaN,NaN,NaN
NaN,NaN,NaN,NaN
NaN,NaN,NaN,NaN
NaN,NaN,NaN,NaN
NaN,NaN,NaN,NaN
NaN,NaN,NaN,NaN
NaN,NaN,NaN,NaN
NaN,NaN,NaN,NaN
NaN,NaN,NaN,NaN
NaN,NaN,NaN,NaN
NaN,NaN,NaN,NaN
NaN,NaN,NaN,NaN
NaN,NaN,NaN,NaN
NaN,NaN,NaN,NaN
NaN,NaN,NaN,NaN
NaN,NaN,NaN,NaN
NaN,NaN,NaN,NaN
NaN,NaN,NaN,NaN
NaN,NaN,NaN,NaN
NaN,NaN,NaN,NaN
NaN,NaN,NaN,NaN
NaN,NaN,NaN,NaN
NaN,NaN,NaN,NaN
NaN,NaN,NaN,NaN
NaN,NaN,NaN,NaN
NaN,NaN,NaN,NaN
NaN,NaN,NaN,NaN
NaN,NaN,NaN,NaN
NaN,NaN,NaN,NaN
NaN,NaN,NaN,NaN
NaN,NaN,NaN,NaN
NaN,NaN,NaN,NaN
NaN,NaN,NaN,NaN
NaN,NaN,NaN,NaN
NaN,NaN,NaN,NaN
NaN,NaN,NaN,NaN
NaN,NaN,NaN,NaN
NaN,NaN,NaN,NaN
NaN,NaN,NaN,NaN
NaN,NaN,NaN,NaN
NaN,NaN,NaN,NaN
NaN,NaN,NaN,NaN
NaN,NaN,NaN,NaN
NaN,NaN,NaN,NaN
NaN,NaN,NaN,NaN
NaN,NaN,NaN,NaN
NaN,NaN,NaN,NaN
NaN,NaN,NaN,NaN
NaN,NaN,NaN,NaN
NaN,NaN,NaN,NaN
NaN,NaN,NaN,NaN
NaN,NaN,NaN,NaN
NaN,NaN,NaN,NaN
NaN,NaN,NaN,NaN
NaN,NaN,NaN,NaN
NaN,NaN,NaN,NaN
NaN,NaN,NaN,NaN
NaN,NaN,NaN,NaN
NaN,NaN,NaN,NaN
NaN,NaN,NaN,NaN
NaN,NaN,NaN,NaN
NaN,NaN,NaN,NaN
NaN,NaN,NaN,NaN
NaN,NaN,NaN,NaN
NaN,NaN,NaN,NaN
NaN,NaN,NaN,NaN
NaN,NaN,NaN,NaN
NaN,NaN,NaN,NaN
NaN,NaN,NaN,NaN
NaN,NaN,NaN,NaN
NaN,NaN,NaN,NaN
NaN,NaN,NaN,NaN
NaN,NaN,NaN,NaN
NaN,NaN,NaN,NaN
NaN,NaN,NaN,NaN
NaN,NaN,NaN,NaN
NaN,NaN,NaN,NaN
NaN,NaN,NaN,NaN
NaN,NaN,NaN,NaN
NaN,NaN,NaN,NaN
NaN,NaN,NaN,NaN
NaN,NaN,NaN,NaN
NaN,NaN,NaN,NaN
NaN,NaN,NaN,NaN
NaN,NaN,NaN,NaN
NaN,NaN,NaN,NaN
NaN,NaN,NaN,NaN
NaN,NaN,NaN,NaN
NaN,NaN,NaN,NaN
NaN,NaN,NaN,NaN
NaN,NaN,NaN,NaN
NaN,NaN,NaN,NaN
NaN,NaN,NaN,NaN
NaN,NaN,NaN,NaN
NaN,NaN,NaN,NaN
NaN,NaN,NaN,NaN
NaN,NaN,NaN,NaN
NaN,NaN,NaN,NaN
NaN,NaN,NaN,NaN
NaN,NaN,NaN,NaN
NaN,NaN,NaN,NaN
NaN,NaN,NaN,NaN
NaN,NaN,NaN,NaN
NaN,NaN,NaN,NaN
NaN,NaN,NaN,NaN
NaN,NaN,NaN,NaN
NaN,NaN,NaN,NaN
NaN,NaN,NaN,NaN
NaN,NaN,NaN,NaN
NaN,NaN,NaN,NaN
NaN,NaN,NaN,NaN
NaN,NaN,NaN,NaN
NaN,NaN,NaN,NaN
NaN,NaN,NaN,NaN
NaN,NaN,NaN,NaN
NaN,NaN,NaN,NaN
NaN,NaN,NaN,NaN
NaN,NaN,NaN,NaN
NaN,NaN,NaN,NaN
NaN,NaN,NaN,NaN
NaN,NaN,NaN,NaN
NaN,NaN,NaN,NaN
NaN,NaN,NaN,NaN
NaN,NaN,NaN,NaN
NaN,NaN,NaN,NaN
NaN,NaN,NaN,NaN
NaN,NaN,NaN,NaN
NaN,NaN,NaN,NaN
NaN,NaN,NaN,NaN
NaN,NaN,NaN,NaN
NaN,NaN,NaN,NaN
NaN,NaN,NaN,NaN
NaN,NaN,NaN,NaN
NaN,NaN,NaN,NaN
NaN,NaN,NaN,NaN
NaN,NaN,NaN,NaN
NaN,NaN,NaN,NaN
NaN,NaN,NaN,NaN
NaN,NaN,NaN,NaN
NaN,NaN,NaN,NaN
NaN,NaN,NaN,NaN
NaN,NaN,NaN,NaN
NaN,NaN,NaN,NaN
NaN,NaN,NaN,NaN
NaN,NaN,NaN,NaN
NaN,NaN,NaN,NaN
NaN,NaN,NaN,NaN
NaN,NaN,NaN,NaN
NaN,NaN,NaN,NaN
NaN,NaN,NaN,NaN
NaN,NaN,NaN,NaN
NaN,NaN,NaN,NaN
NaN,NaN,NaN,NaN
NaN,NaN,NaN,NaN
NaN,NaN,NaN,NaN
NaN,NaN,NaN,NaN
NaN,NaN,NaN,NaN
NaN,NaN,NaN,NaN
NaN,NaN,NaN,NaN
NaN,NaN,NaN,NaN
NaN,NaN,NaN,NaN
NaN,NaN,NaN,NaN
NaN,NaN,NaN,NaN
NaN,NaN,NaN,NaN
NaN,NaN,NaN,NaN
NaN,NaN,NaN,NaN
NaN,NaN,NaN,NaN
NaN,NaN,NaN,NaN
NaN,NaN,NaN,NaN
NaN,NaN,NaN,NaN
NaN,NaN,NaN,NaN
NaN,NaN,NaN,NaN
NaN,NaN,NaN,NaN
NaN,NaN,NaN,NaN
NaN,NaN,NaN,NaN
NaN,NaN,NaN,NaN
NaN,NaN,NaN,NaN
NaN,NaN,NaN,NaN
NaN,NaN,NaN,NaN
NaN,NaN,NaN,NaN
NaN,NaN,NaN,NaN
NaN,NaN,NaN,NaN
NaN,NaN,NaN,NaN
NaN,NaN,NaN,NaN
345,46,437,133
349.21,49.974,442.57,138.25
348.2,54.981,442.87,144.51
343.03,77.471,437.88,167.16
326.11,76.868,424.09,169.53
300.29,70.907,396.57,161.96
306.46,19.632,405.4,113.2
326.89,3.4578,433.72,104.49
345.5,1.1425,459.57,109.03
356.24,-1.3106,474.74,110.76
373.32,-9.8799,499.73,109.69
411.1,1.0495,549.52,131.98
409.6,19.988,558.76,161.08
384.09,24.594,540.69,172.72
373.71,19.009,533.74,170.38
378.2,-6.47,558.11,163.72
388.02,-27.588,585.97,159.66
385.12,-39.857,586.76,150.88
401.01,-31.515,610.65,166.8
404.64,-25.421,613.93,172.56
409.76,-67.026,631.02,142.28
419.15,-70.559,644.77,142.87
421.7,-65.82,649.14,149.34
NaN,NaN,NaN,NaN
NaN,NaN,NaN,NaN
NaN,NaN,NaN,NaN
NaN,NaN,NaN,NaN
NaN,NaN,NaN,NaN
NaN,NaN,NaN,NaN
NaN,NaN,NaN,NaN
NaN,NaN,NaN,NaN
NaN,NaN,NaN,NaN
NaN,NaN,NaN,NaN
NaN,NaN,NaN,NaN
NaN,NaN,NaN,NaN
NaN,NaN,NaN,NaN
NaN,NaN,NaN,NaN
NaN,NaN,NaN,NaN
NaN,NaN,NaN,NaN
NaN,NaN,NaN,NaN
NaN,NaN,NaN,NaN
NaN,NaN,NaN,NaN
NaN,NaN,NaN,NaN
NaN,NaN,NaN,NaN
NaN,NaN,NaN,NaN
NaN,NaN,NaN,NaN
NaN,NaN,NaN,NaN
NaN,NaN,NaN,NaN
NaN,NaN,NaN,NaN
NaN,NaN,NaN,NaN
NaN,NaN,NaN,NaN
NaN,NaN,NaN,NaN
NaN,NaN,NaN,NaN
NaN,NaN,NaN,NaN
NaN,NaN,NaN,NaN
NaN,NaN,NaN,NaN
NaN,NaN,NaN,NaN
NaN,NaN,NaN,NaN
NaN,NaN,NaN,NaN
NaN,NaN,NaN,NaN
NaN,NaN,NaN,NaN
NaN,NaN,NaN,NaN
NaN,NaN,NaN,NaN
NaN,NaN,NaN,NaN
NaN,NaN,NaN,NaN
NaN,NaN,NaN,NaN
NaN,NaN,NaN,NaN
NaN,NaN,NaN,NaN
NaN,NaN,NaN,NaN
NaN,NaN,NaN,NaN
NaN,NaN,NaN,NaN
NaN,NaN,NaN,NaN
NaN,NaN,NaN,NaN
NaN,NaN,NaN,NaN
NaN,NaN,NaN,NaN
NaN,NaN,NaN,NaN
NaN,NaN,NaN,NaN
NaN,NaN,NaN,NaN
NaN,NaN,NaN,NaN
NaN,NaN,NaN,NaN
NaN,NaN,NaN,NaN
NaN,NaN,NaN,NaN
NaN,NaN,NaN,NaN
NaN,NaN,NaN,NaN
NaN,NaN,NaN,NaN
NaN,NaN,NaN,NaN
NaN,NaN,NaN,NaN
NaN,NaN,NaN,NaN
NaN,NaN,NaN,NaN
NaN,NaN,NaN,NaN
NaN,NaN,NaN,NaN
NaN,NaN,NaN,NaN
NaN,NaN,NaN,NaN
NaN,NaN,NaN,NaN
NaN,NaN,NaN,NaN
NaN,NaN,NaN,NaN
NaN,NaN,NaN,NaN
NaN,NaN,NaN,NaN
NaN,NaN,NaN,NaN
NaN,NaN,NaN,NaN
NaN,NaN,NaN,NaN
NaN,NaN,NaN,NaN
NaN,NaN,NaN,NaN
NaN,NaN,NaN,NaN
NaN,NaN,NaN,NaN
NaN,NaN,NaN,NaN
NaN,NaN,NaN,NaN
NaN,NaN,NaN,NaN
NaN,NaN,NaN,NaN
NaN,NaN,NaN,NaN
NaN,NaN,NaN,NaN
NaN,NaN,NaN,NaN
NaN,NaN,NaN,NaN
NaN,NaN,NaN,NaN
NaN,NaN,NaN,NaN
NaN,NaN,NaN,NaN
NaN,NaN,NaN,NaN
NaN,NaN,NaN,NaN
NaN,NaN,NaN,NaN
NaN,NaN,NaN,NaN
NaN,NaN,NaN,NaN
NaN,NaN,NaN,NaN
NaN,NaN,NaN,NaN
NaN,NaN,NaN,NaN
NaN,NaN,NaN,NaN
NaN,NaN,NaN,NaN
NaN,NaN,NaN,NaN
NaN,NaN,NaN,NaN
NaN,NaN,NaN,NaN
NaN,NaN,NaN,NaN
NaN,NaN,NaN,NaN
NaN,NaN,NaN,NaN
NaN,NaN,NaN,NaN
NaN,NaN,NaN,NaN
NaN,NaN,NaN,NaN
NaN,NaN,NaN,NaN
NaN,NaN,NaN,NaN
NaN,NaN,NaN,NaN
NaN,NaN,NaN,NaN
NaN,NaN,NaN,NaN
NaN,NaN,NaN,NaN
NaN,NaN,NaN,NaN
NaN,NaN,NaN,NaN
NaN,NaN,NaN,NaN
NaN,NaN,NaN,NaN
NaN,NaN,NaN,NaN
NaN,NaN,NaN,NaN
NaN,NaN,NaN,NaN
NaN,NaN,NaN,NaN
NaN,NaN,NaN,NaN
NaN,NaN,NaN,NaN
NaN,NaN,NaN,NaN
NaN,NaN,NaN,NaN
NaN,NaN,NaN,NaN
NaN,NaN,NaN,NaN
NaN,NaN,NaN,NaN
NaN,NaN,NaN,NaN
NaN,NaN,NaN,NaN
NaN,NaN,NaN,NaN
NaN,NaN,NaN,NaN
NaN,NaN,NaN,NaN
NaN,NaN,NaN,NaN
NaN,NaN,NaN,NaN
NaN,NaN,NaN,NaN
NaN,NaN,NaN,NaN
NaN,NaN,NaN,NaN
NaN,NaN,NaN,NaN
NaN,NaN,NaN,NaN
NaN,NaN,NaN,NaN
NaN,NaN,NaN,NaN
NaN,NaN,NaN,NaN
NaN,NaN,NaN,NaN
NaN,NaN,NaN,NaN
NaN,NaN,NaN,NaN
NaN,NaN,NaN,NaN
NaN,NaN,NaN,NaN
NaN,NaN,NaN,NaN
NaN,NaN,NaN,NaN
NaN,NaN,NaN,NaN
NaN,NaN,NaN,NaN
NaN,NaN,NaN,NaN
NaN,NaN,NaN,NaN
NaN,NaN,NaN,NaN
NaN,NaN,NaN,NaN
NaN,NaN,NaN,NaN
NaN,NaN,NaN,NaN
NaN,NaN,NaN,NaN
NaN,NaN,NaN,NaN
NaN,NaN,NaN,NaN
NaN,NaN,NaN,NaN
NaN,NaN,NaN,NaN
NaN,NaN,NaN,NaN
NaN,NaN,NaN,NaN
NaN,NaN,NaN,NaN
NaN,NaN,NaN,NaN
NaN,NaN,NaN,NaN
NaN,NaN,NaN,NaN
NaN,NaN,NaN,NaN
NaN,NaN,NaN,NaN
NaN,NaN,NaN,NaN
NaN,NaN,NaN,NaN
NaN,NaN,NaN,NaN
NaN,NaN,NaN,NaN
NaN,NaN,NaN,NaN
NaN,NaN,NaN,NaN
NaN,NaN,NaN,NaN
NaN,NaN,NaN,NaN
NaN,NaN,NaN,NaN
NaN,NaN,NaN,NaN
NaN,NaN,NaN,NaN
NaN,NaN,NaN,NaN
NaN,NaN,NaN,NaN
NaN,NaN,NaN,NaN
NaN,NaN,NaN,NaN
NaN,NaN,NaN,NaN
NaN,NaN,NaN,NaN
NaN,NaN,NaN,NaN
NaN,NaN,NaN,NaN
NaN,NaN,NaN,NaN
NaN,NaN,NaN,NaN
NaN,NaN,NaN,NaN
NaN,NaN,NaN,NaN
NaN,NaN,NaN,NaN
NaN,NaN,NaN,NaN
NaN,NaN,NaN,NaN
NaN,NaN,NaN,NaN
NaN,NaN,NaN,NaN
NaN,NaN,NaN,NaN
NaN,NaN,NaN,NaN
NaN,NaN,NaN,NaN
NaN,NaN,NaN,NaN
NaN,NaN,NaN,NaN
NaN,NaN,NaN,NaN
NaN,NaN,NaN,NaN
NaN,NaN,NaN,NaN
NaN,NaN,NaN,NaN
NaN,NaN,NaN,NaN
NaN,NaN,NaN,NaN
NaN,NaN,NaN,NaN
NaN,NaN,NaN,NaN
NaN,NaN,NaN,NaN
NaN,NaN,NaN,NaN
NaN,NaN,NaN,NaN
NaN,NaN,NaN,NaN
NaN,NaN,NaN,NaN
NaN,NaN,NaN,NaN
NaN,NaN,NaN,NaN
NaN,NaN,NaN,NaN
NaN,NaN,NaN,NaN
NaN,NaN,NaN,NaN
NaN,NaN,NaN,NaN
NaN,NaN,NaN,NaN
NaN,NaN,NaN,NaN
NaN,NaN,NaN,NaN
NaN,NaN,NaN,NaN
NaN,NaN,NaN,NaN
NaN,NaN,NaN,NaN
NaN,NaN,NaN,NaN
NaN,NaN,NaN,NaN
NaN,NaN,NaN,NaN
NaN,NaN,NaN,NaN
NaN,NaN,NaN,NaN
NaN,NaN,NaN,NaN
NaN,NaN,NaN,NaN
NaN,NaN,NaN,NaN
NaN,NaN,NaN,NaN
NaN,NaN,NaN,NaN
NaN,NaN,NaN,NaN
NaN,NaN,NaN,NaN
NaN,NaN,NaN,NaN
NaN,NaN,NaN,NaN
NaN,NaN,NaN,NaN
NaN,NaN,NaN,NaN
NaN,NaN,NaN,NaN
NaN,NaN,NaN,NaN
NaN,NaN,NaN,NaN
NaN,NaN,NaN,NaN
NaN,NaN,NaN,NaN
NaN,NaN,NaN,NaN
NaN,NaN,NaN,NaN
NaN,NaN,NaN,NaN
NaN,NaN,NaN,NaN
NaN,NaN,NaN,NaN
NaN,NaN,NaN,NaN
NaN,NaN,NaN,NaN
NaN,NaN,NaN,NaN
NaN,NaN,NaN,NaN
NaN,NaN,NaN,NaN
NaN,NaN,NaN,NaN
NaN,NaN,NaN,NaN
NaN,NaN,NaN,NaN
NaN,NaN,NaN,NaN
NaN,NaN,NaN,NaN
NaN,NaN,NaN,NaN
NaN,NaN,NaN,NaN
NaN,NaN,NaN,NaN
NaN,NaN,NaN,NaN
NaN,NaN,NaN,NaN
NaN,NaN,NaN,NaN
NaN,NaN,NaN,NaN
NaN,NaN,NaN,NaN
NaN,NaN,NaN,NaN
NaN,NaN,NaN,NaN
NaN,NaN,NaN,NaN
NaN,NaN,NaN,NaN
NaN,NaN,NaN,NaN
NaN,NaN,NaN,NaN
NaN,NaN,NaN,NaN
NaN,NaN,NaN,NaN
NaN,NaN,NaN,NaN
NaN,NaN,NaN,NaN
NaN,NaN,NaN,NaN
NaN,NaN,NaN,NaN
NaN,NaN,NaN,NaN
NaN,NaN,NaN,NaN
NaN,NaN,NaN,NaN
NaN,NaN,NaN,NaN
NaN,NaN,NaN,NaN
NaN,NaN,NaN,NaN
NaN,NaN,NaN,NaN
NaN,NaN,NaN,NaN
NaN,NaN,NaN,NaN
NaN,NaN,NaN,NaN
NaN,NaN,NaN,NaN
NaN,NaN,NaN,NaN
NaN,NaN,NaN,NaN
NaN,NaN,NaN,NaN
NaN,NaN,NaN,NaN
NaN,NaN,NaN,NaN
NaN,NaN,NaN,NaN
NaN,NaN,NaN,NaN
NaN,NaN,NaN,NaN
NaN,NaN,NaN,NaN
NaN,NaN,NaN,NaN
NaN,NaN,NaN,NaN
NaN,NaN,NaN,NaN
NaN,NaN,NaN,NaN
NaN,NaN,NaN,NaN
NaN,NaN,NaN,NaN
NaN,NaN,NaN,NaN
NaN,NaN,NaN,NaN
NaN,NaN,NaN,NaN
NaN,NaN,NaN,NaN
NaN,NaN,NaN,NaN
NaN,NaN,NaN,NaN
NaN,NaN,NaN,NaN
NaN,NaN,NaN,NaN
NaN,NaN,NaN,NaN
NaN,NaN,NaN,NaN
NaN,NaN,NaN,NaN
NaN,NaN,NaN,NaN
NaN,NaN,NaN,NaN
NaN,NaN,NaN,NaN
NaN,NaN,NaN,NaN
NaN,NaN,NaN,NaN
NaN,NaN,NaN,NaN
NaN,NaN,NaN,NaN
NaN,NaN,NaN,NaN
NaN,NaN,NaN,NaN
NaN,NaN,NaN,NaN
NaN,NaN,NaN,NaN
NaN,NaN,NaN,NaN
NaN,NaN,NaN,NaN
NaN,NaN,NaN,NaN
NaN,NaN,NaN,NaN
NaN,NaN,NaN,NaN
NaN,NaN,NaN,NaN
NaN,NaN,NaN,NaN
NaN,NaN,NaN,NaN
NaN,NaN,NaN,NaN
NaN,NaN,NaN,NaN
NaN,NaN,NaN,NaN
NaN,NaN,NaN,NaN
NaN,NaN,NaN,NaN
NaN,NaN,NaN,NaN
NaN,NaN,NaN,NaN
NaN,NaN,NaN,NaN
NaN,NaN,NaN,NaN
NaN,NaN,NaN,NaN
NaN,NaN,NaN,NaN
NaN,NaN,NaN,NaN
NaN,NaN,NaN,NaN
NaN,NaN,NaN,NaN
NaN,NaN,NaN,NaN
NaN,NaN,NaN,NaN
NaN,NaN,NaN,NaN
NaN,NaN,NaN,NaN
NaN,NaN,NaN,NaN
NaN,NaN,NaN,NaN
NaN,NaN,NaN,NaN
NaN,NaN,NaN,NaN
NaN,NaN,NaN,NaN
NaN,NaN,NaN,NaN
NaN,NaN,NaN,NaN
NaN,NaN,NaN,NaN
NaN,NaN,NaN,NaN
NaN,NaN,NaN,NaN
NaN,NaN,NaN,NaN
NaN,NaN,NaN,NaN
NaN,NaN,NaN,NaN
NaN,NaN,NaN,NaN
NaN,NaN,NaN,NaN
NaN,NaN,NaN,NaN
NaN,NaN,NaN,NaN
NaN,NaN,NaN,NaN
NaN,NaN,NaN,NaN
NaN,NaN,NaN,NaN
NaN,NaN,NaN,NaN
NaN,NaN,NaN,NaN
NaN,NaN,NaN,NaN
NaN,NaN,NaN,NaN
NaN,NaN,NaN,NaN
NaN,NaN,NaN,NaN
NaN,NaN,NaN,NaN
NaN,NaN,NaN,NaN
NaN,NaN,NaN,NaN
NaN,NaN,NaN,NaN
NaN,NaN,NaN,NaN
NaN,NaN,NaN,NaN
NaN,NaN,NaN,NaN
NaN,NaN,NaN,NaN
NaN,NaN,NaN,NaN
NaN,NaN,NaN,NaN
NaN,NaN,NaN,NaN
NaN,NaN,NaN,NaN
NaN,NaN,NaN,NaN
NaN,NaN,NaN,NaN
NaN,NaN,NaN,NaN
NaN,NaN,NaN,NaN
NaN,NaN,NaN,NaN
NaN,NaN,NaN,NaN
NaN,NaN,NaN,NaN
NaN,NaN,NaN,NaN
NaN,NaN,NaN,NaN
NaN,NaN,NaN,NaN
NaN,NaN,NaN,NaN
NaN,NaN,NaN,NaN
NaN,NaN,NaN,NaN
NaN,NaN,NaN,NaN
NaN,NaN,NaN,NaN
NaN,NaN,NaN,NaN
NaN,NaN,NaN,NaN
NaN,NaN,NaN,NaN
NaN,NaN,NaN,NaN
NaN,NaN,NaN,NaN
NaN,NaN,NaN,NaN
NaN,NaN,NaN,NaN
NaN,NaN,NaN,NaN
NaN,NaN,NaN,NaN
NaN,NaN,NaN,NaN
NaN,NaN,NaN,NaN
NaN,NaN,NaN,NaN
NaN,NaN,NaN,NaN
NaN,NaN,NaN,NaN
NaN,NaN,NaN,NaN
NaN,NaN,NaN,NaN
NaN,NaN,NaN,NaN
NaN,NaN,NaN,NaN
NaN,NaN,NaN,NaN
NaN,NaN,NaN,NaN
NaN,NaN,NaN,NaN
NaN,NaN,NaN,NaN
NaN,NaN,NaN,NaN
NaN,NaN,NaN,NaN
NaN,NaN,NaN,NaN
NaN,NaN,NaN,NaN
NaN,NaN,NaN,NaN
NaN,NaN,NaN,NaN
NaN,NaN,NaN,NaN
NaN,NaN,NaN,NaN
NaN,NaN,NaN,NaN
NaN,NaN,NaN,NaN
NaN,NaN,NaN,NaN
NaN,NaN,NaN,NaN
NaN,NaN,NaN,NaN
NaN,NaN,NaN,NaN
NaN,NaN,NaN,NaN
NaN,NaN,NaN,NaN
NaN,NaN,NaN,NaN
NaN,NaN,NaN,NaN
NaN,NaN,NaN,NaN
NaN,NaN,NaN,NaN
NaN,NaN,NaN,NaN
NaN,NaN,NaN,NaN
NaN,NaN,NaN,NaN
NaN,NaN,NaN,NaN
NaN,NaN,NaN,NaN
NaN,NaN,NaN,NaN
NaN,NaN,NaN,NaN
NaN,NaN,NaN,NaN
NaN,NaN,NaN,NaN
NaN,NaN,NaN,NaN
NaN,NaN,NaN,NaN
NaN,NaN,NaN,NaN
NaN,NaN,NaN,NaN
NaN,NaN,NaN,NaN
NaN,NaN,NaN,NaN
NaN,NaN,NaN,NaN
NaN,NaN,NaN,NaN
NaN,NaN,NaN,NaN
NaN,NaN,NaN,NaN
NaN,NaN,NaN,NaN
NaN,NaN,NaN,NaN
NaN,NaN,NaN,NaN
NaN,NaN,NaN,NaN
NaN,NaN,NaN,NaN
NaN,NaN,NaN,NaN
NaN,NaN,NaN,NaN
NaN,NaN,NaN,NaN
NaN,NaN,NaN,NaN
NaN,NaN,NaN,NaN
NaN,NaN,NaN,NaN
NaN,NaN,NaN,NaN
NaN,NaN,NaN,NaN
NaN,NaN,NaN,NaN
NaN,NaN,NaN,NaN
NaN,NaN,NaN,NaN
NaN,NaN,NaN,NaN
NaN,NaN,NaN,NaN
NaN,NaN,NaN,NaN
NaN,NaN,NaN,NaN
NaN,NaN,NaN,NaN
NaN,NaN,NaN,NaN
NaN,NaN,NaN,NaN
NaN,NaN,NaN,NaN
NaN,NaN,NaN,NaN
NaN,NaN,NaN,NaN
NaN,NaN,NaN,NaN
NaN,NaN,NaN,NaN
NaN,NaN,NaN,NaN
NaN,NaN,NaN,NaN
NaN,NaN,NaN,NaN
NaN,NaN,NaN,NaN
NaN,NaN,NaN,NaN
NaN,NaN,NaN,NaN
NaN,NaN,NaN,NaN
NaN,NaN,NaN,NaN
NaN,NaN,NaN,NaN
NaN,NaN,NaN,NaN
NaN,NaN,NaN,NaN
NaN,NaN,NaN,NaN
NaN,NaN,NaN,NaN
NaN,NaN,NaN,NaN
NaN,NaN,NaN,NaN
NaN,NaN,NaN,NaN
NaN,NaN,NaN,NaN
NaN,NaN,NaN,NaN
NaN,NaN,NaN,NaN
NaN,NaN,NaN,NaN
NaN,NaN,NaN,NaN
NaN,NaN,NaN,NaN
NaN,NaN,NaN,NaN
NaN,NaN,NaN,NaN
NaN,NaN,NaN,NaN
NaN,NaN,NaN,NaN
NaN,NaN,NaN,NaN
NaN,NaN,NaN,NaN
NaN,NaN,NaN,NaN
NaN,NaN,NaN,NaN
NaN,NaN,NaN,NaN
NaN,NaN,NaN,NaN
NaN,NaN,NaN,NaN
NaN,NaN,NaN,NaN
NaN,NaN,NaN,NaN
NaN,NaN,NaN,NaN
NaN,NaN,NaN,NaN
NaN,NaN,NaN,NaN
NaN,NaN,NaN,NaN
NaN,NaN,NaN,NaN
NaN,NaN,NaN,NaN
NaN,NaN,NaN,NaN
NaN,NaN,NaN,NaN
NaN,NaN,NaN,NaN
NaN,NaN,NaN,NaN
NaN,NaN,NaN,NaN
NaN,NaN,NaN,NaN
NaN,NaN,NaN,NaN
NaN,NaN,NaN,NaN
NaN,NaN,NaN,NaN
NaN,NaN,NaN,NaN
NaN,NaN,NaN,NaN
NaN,NaN,NaN,NaN
NaN,NaN,NaN,NaN
NaN,NaN,NaN,NaN
NaN,NaN,NaN,NaN
NaN,NaN,NaN,NaN
NaN,NaN,NaN,NaN
NaN,NaN,NaN,NaN
NaN,NaN,NaN,NaN
NaN,NaN,NaN,NaN
NaN,NaN,NaN,NaN
NaN,NaN,NaN,NaN
NaN,NaN,NaN,NaN
NaN,NaN,NaN,NaN
NaN,NaN,NaN,NaN
NaN,NaN,NaN,NaN
NaN,NaN,NaN,NaN
NaN,NaN,NaN,NaN
NaN,NaN,NaN,NaN
NaN,NaN,NaN,NaN
NaN,NaN,NaN,NaN
NaN,NaN,NaN,NaN
NaN,NaN,NaN,NaN
NaN,NaN,NaN,NaN
NaN,NaN,NaN,NaN
NaN,NaN,NaN,NaN
NaN,NaN,NaN,NaN
NaN,NaN,NaN,NaN
NaN,NaN,NaN,NaN
NaN,NaN,NaN,NaN
NaN,NaN,NaN,NaN
NaN,NaN,NaN,NaN
NaN,NaN,NaN,NaN
NaN,NaN,NaN,NaN
NaN,NaN,NaN,NaN
NaN,NaN,NaN,NaN
NaN,NaN,NaN,NaN
NaN,NaN,NaN,NaN
NaN,NaN,NaN,NaN
NaN,NaN,NaN,NaN
NaN,NaN,NaN,NaN
NaN,NaN,NaN,NaN
NaN,NaN,NaN,NaN
NaN,NaN,NaN,NaN
NaN,NaN,NaN,NaN
NaN,NaN,NaN,NaN
NaN,NaN,NaN,NaN
NaN,NaN,NaN,NaN
NaN,NaN,NaN,NaN
NaN,NaN,NaN,NaN
NaN,NaN,NaN,NaN
NaN,NaN,NaN,NaN
NaN,NaN,NaN,NaN
NaN,NaN,NaN,NaN
NaN,NaN,NaN,NaN
NaN,NaN,NaN,NaN
NaN,NaN,NaN,NaN
NaN,NaN,NaN,NaN
NaN,NaN,NaN,NaN
NaN,NaN,NaN,NaN
