147,110,180,142
148.99,114.07,182.01,146.09
151.54,117.78,184.93,150.16
154.69,118.86,188.03,151.2
158.12,118.7,191.35,150.93
160.43,118.18,193.66,150.41
160.55,119.25,193.72,151.42
160.99,120.26,194.1,152.36
161.78,121.07,194.81,153.1
162.89,121.07,195.83,153.01
165.72,119.42,198.6,151.3
164.8,115.28,197.67,147.15
160.24,112.19,193.05,144
156.7,109.78,189.38,141.47
156.17,107.17,188.95,138.95
154.66,79.93,187.4,111.67
151.66,74.418,184.61,106.36
147.4,71.569,180.46,103.63
142.6,69.935,175.59,101.93
136,68.573,168.96,100.53
129.81,67.919,162.54,99.649
129.22,68.066,161.95,99.803
128.75,67.316,161.48,99.057
128.59,66.072,161.34,97.827
129.87,64.456,162.67,96.26
140.43,67.349,173.07,99
146.71,72.563,179.26,104.13
152.23,80.091,184.25,111.14
157.67,90.247,189.62,121.23
161.22,100.65,193.04,131.5
164.75,122.61,196.52,153.42
166.38,128.81,198.02,159.49
167.35,127.4,197.82,156.94
168.48,110.79,199.34,140.77
167.54,90.933,198.38,120.89
166.1,62.181,200.16,95.276
165.33,55,196.13,84.864
164.36,58.857,195.29,88.854
163.53,59.581,194.5,89.615
162.88,63.319,193.71,93.21
162.49,78.625,193.56,108.76
162.49,93.135,193.72,123.41
162.77,110.07,194.06,140.41
162.99,125.02,194.42,155.5
162.95,129.05,194.41,159.56
161.93,99.97,193.86,130.94
161.12,91.051,193.48,122.43
160.47,89.146,192.92,120.61
159.5,90.778,191.98,122.28
158.76,95.81,191.31,127.37
156.98,112.39,189.49,143.91
156.69,123.63,189.48,155.43
157.18,136.56,190.15,168.53
158.41,153.02,191.3,184.92
158.28,163.89,191.9,196.5
157.99,151.61,190.99,183.61
157.29,134.75,190.12,166.59
155.71,121.6,189.9,154.76
154.54,113.29,188.57,146.29
153.22,108.52,187.32,141.59
150.18,106.51,184.28,139.58
148.81,109.7,183.08,142.94
147.19,116.71,181.65,150.13
145.45,127.05,180.27,160.82
145.11,139.33,179.78,172.95
142.74,139.49,178.43,174.1
138.38,119.81,174.4,154.75
134.16,99.424,170.66,134.82
131.66,85.943,168.13,121.31
129.02,77.851,165.05,112.8
123.73,73.981,160.03,109.18
122.29,76.461,158.61,111.68
121.06,84.48,157.49,119.81
121.07,101.47,157.48,136.78
121.99,117.93,158.73,153.56
124.24,146.54,161.75,182.92
120.45,136.49,157.08,172.02
121.12,118.03,157.86,153.67
127.73,99.251,165.38,135.76
134.3,85.225,172.95,122.71
140.4,73.351,180.02,111.78
145.81,72.194,185.28,110.47
150.99,74.272,190.48,112.57
154.45,79.927,193.63,117.93
156,82.758,199.12,124.58
169.42,113.6,206.19,148.91
171.15,121.09,208.11,156.58
172.24,111.91,208.73,146.94
172.9,96.247,209.58,131.47
174.06,85.591,211.54,121.57
178.8,75.381,215.87,110.97
179.22,75.72,216.04,111.08
178.88,79.575,215.88,115.1
178.89,89.016,216.14,124.78
179.55,103.63,216.71,139.31
176.81,139.67,213.44,174.76
173.54,141.8,210.91,177.6
171.61,133.92,207.35,168.16
168.01,120.14,203.1,153.76
164.61,110.49,200.05,144.45
161,101.02,196.52,135.04
159.14,99.031,194.47,132.88
156.63,100.66,192.31,134.84
155.09,105.94,191.02,140.37
154.47,114.7,190.46,149.17
151.31,130.31,186.44,163.64
148.18,126.8,182.67,159.52
142.04,109.22,176.83,142.23
134.23,91.762,170.89,126.65
132.06,86.609,168.33,121.12
127.41,81.613,163.25,115.72
124.07,82.591,159.95,116.73
120.87,86.835,156.67,120.9
119.5,96.513,155.46,130.73
120.14,110.48,155.87,144.48
121.69,132.36,158.46,167.35
121.02,123.33,157.68,158.21
120.18,109.74,156.92,144.7
121.06,99.746,157.98,134.88
124.26,94.043,161.56,129.53
129.9,92.263,167.32,127.87
130.41,96.074,167.95,131.8
133.68,103.99,171.54,140.01
138.96,114.93,176.84,150.97
147.08,128.97,184.81,164.87
158.57,147.64,196.7,183.93
162.9,135.63,200.61,171.52
166.72,119,204.66,155.1
169.08,107.32,206.89,143.29
170.32,99.574,208.34,135.75
171.94,90.989,210.36,127.55
171.43,92.378,209.93,129.01
169.04,98.467,207.61,135.17
166.19,109.31,203.89,145.19
164.02,123.45,201.59,159.2
161.23,133.25,198.79,168.98
160.55,119.2,198.07,154.89
159.63,104.46,197.72,140.71
159.17,94.361,197.27,130.62
158.89,88.274,196.89,124.43
157.63,83.4,195.78,119.7
155.81,85.831,194.28,122.44
153.43,92.75,191.94,129.4
151.42,102.88,190.15,139.73
150.41,113.76,189.36,150.83
149.67,118.78,188.82,156.04
148.56,103.69,187.81,141.04
145.87,89.237,185.88,127.31
141.35,81.511,181.1,119.35
135.09,79.782,175.19,117.94
123.78,89.276,163.32,126.91
120.81,98.847,160.36,136.48
119.24,111.33,159.24,149.4
117.49,127.36,157.38,165.33
115.9,143.28,155.63,181.08
116.88,149.09,157.2,187.46
117.9,136.08,158.64,174.86
118.41,124.41,160.09,164.07
121.1,117.78,163.1,157.76
127.81,118.63,169.73,158.52
137.89,120.56,179.59,160.25
142.17,125.93,184.1,165.83
149.15,135.02,190.94,174.78
155.84,148.48,194.03,184.64
160.29,162.7,198.45,198.83
168.71,162.7,206.83,198.79
172.07,146.59,210.43,182.9
174.72,133.88,214.46,171.49
180.58,124.96,220.61,162.85
186.2,120.01,226.13,157.81
190.01,117.75,229.78,155.4
190.25,122.12,230.32,160.05
189.12,130.22,229.01,167.99
183.99,141.82,224.11,179.8
178.17,152.28,216.21,188.18
163.81,143.16,201.49,178.73
156.42,122.18,194.22,157.86
149.4,105.33,187.69,141.46
145.05,92.919,183.42,129.13
141.62,84.855,179.71,120.81
136.56,79.516,174.73,115.54
135.63,85.327,173.64,121.2
136.39,95.164,174.11,130.77
137.55,109.17,174.94,144.46
138.42,122,175.82,157.31
139.43,114.97,177.1,150.53
140.53,105.21,177.89,140.46
141.78,99.003,179.41,134.52
143.08,95.721,181.29,131.78
147.14,97.202,184.91,132.85
153.7,108.23,192.03,144.42
154.79,118.11,193.01,154.18
155.4,131.03,193.81,167.29
156.06,148.42,194.32,184.53
156.58,163.89,194.81,199.98
157.41,154.19,195.84,190.46
156.48,140.61,195.74,177.67
155.63,134.49,195.04,171.69
155.39,133.69,194.91,170.99
155.36,136.24,194.89,173.55
155.37,145.75,194.74,182.92
155.24,156.28,194.68,193.5
155.88,171.28,195.18,208.38
157.26,189.16,196.52,226.21
158.58,206.36,197.74,243.32
159.5,199.1,198.24,235.67
159.2,183.72,197.96,220.31
158.78,170.65,198.02,207.68
159.03,159.7,198.09,196.57
159.18,150.22,198.04,186.9
157.88,137.97,196.21,174.15
157.71,139.15,196.13,175.41
157.7,142.91,196.27,179.31
158.24,152.61,197.3,189.47
159.43,162.77,198.51,199.66
160.64,145.3,198.9,181.42
160.16,119.08,198.94,155.68
160.63,105.22,199.12,141.55
158.69,91.095,193.55,123.77
158.44,87.183,193.1,119.68
155.65,88.134,190.4,120.71
154.44,96.238,188.84,128.49
153.92,108.92,188.04,140.9
154.63,127.22,188.36,158.84
154.39,136.88,188.61,168.96
147.96,123.43,182.39,155.71
144.61,110.76,180.47,144.38
142.03,101.82,178.43,135.94
139.1,98.248,175.52,132.39
136.34,96.92,172.72,131.04
132.82,103.22,169.33,137.46
131.88,113.11,168.54,147.48
131.68,126.64,168.2,160.89
131.78,138.14,169.03,173.06
134.6,137.58,171.74,172.4
140.21,110.7,176.58,144.8
141.45,101.9,178.06,136.23
143.53,97.295,179.87,131.36
149.1,93.937,184.91,127.51
155.58,93.53,191.16,126.89
159.52,104.89,194.36,137.55
164.52,115.65,199.13,148.11
172.34,127.89,206.93,160.31
174.99,129.7,210.19,162.7
176.49,120.6,211.37,153.3
178.24,91.964,214.42,125.88
178.43,87.367,214.86,121.52
179.17,84.659,215.45,118.67
180.56,84.163,216.49,117.85
181.95,85.751,217.78,119.34
184.07,87.407,223.93,124.78
187.9,99.541,227.46,136.63
195,118.46,234.23,155.24
198.47,124.25,236.15,159.57
199.61,114.38,237.41,149.82
198.97,87.824,237.11,123.59
197.89,83.011,236.56,119.27
194,81.467,232.72,117.78
187.4,81.883,226.19,118.26
182.44,84.577,221.43,121.14
175.7,100.44,214.76,137.07
172.75,113.13,211.55,149.51
170.73,124.81,208.93,160.62
167.01,124.02,205,159.63
162.57,111.94,200.37,147.38
159.72,90.315,197.92,126.14
159.24,87.555,196.58,122.57
157.25,86.652,194.56,121.64
155.85,88.619,193.12,123.57
155.08,93.973,192.14,128.72
151.67,115.22,188.92,150.15
149.82,129.14,187.07,164.06
147.52,139.69,184.97,174.8
143.1,131.58,180.37,166.53
134.21,119.41,171.45,154.33
115.52,105.1,153.47,140.69
114.32,100.96,152.29,136.56
113.35,100.12,151.18,135.59
111.74,102.23,149.48,137.61
110.49,106.87,148.28,142.31
116.7,124.81,154.16,159.93
119.97,137.41,157.34,172.46
125.13,144.47,162.17,179.19
131.24,137.8,167.57,171.87
138.61,119.8,174.49,153.44
143.52,91.685,180.91,126.74
148.07,84.635,185.43,119.67
152.86,81.103,190.06,115.98
156.59,80.75,193.58,115.43
160.53,85.024,197.29,119.48
164.46,106.07,200.93,140.27
163.48,119.48,200.18,153.89
162.49,128.85,199.41,163.47
161.85,117.77,198.28,151.92
160.69,102.15,197.48,136.64
161.31,84.732,196.77,117.97
160.1,81.681,195.53,114.9
159.03,81.745,194.36,114.87
158.09,84.378,193.17,117.26
155.6,91.004,190.11,123.35
147.54,113.79,182.6,146.66
145.83,125.94,181.33,159.22
145,131.83,179.15,163.83
143.57,127.82,176.52,158.71
140.52,109.99,173.43,140.84
141.11,102.43,173.83,133.09
142.72,104.85,175.05,135.15
145.34,111.58,177.42,141.65
146.59,119.21,178.22,148.86
146.86,127.38,178.49,157.03
146.63,151.14,178.55,181.05
146.26,163.96,178.44,194.12
145.85,173.98,178.31,204.41
