135.00,116.00,103.00,47.00,0.16
135.00,116.00,103.00,47.00,0.16
132.00,117.00,103.00,48.00,0.16
132.00,117.00,103.00,48.00,0.16
129.00,119.00,102.00,46.00,0.16
129.00,119.00,102.00,46.00,0.16
121.86,117.53,224.54,164.89,0.17
119.52,119.00,221.52,164.99,0.15
115.22,115.08,217.55,161.74,0.16
108.08,113.61,211.09,161.63,0.17
105.75,115.09,208.07,161.72,0.16
98.60,113.62,201.60,161.61,0.16
95.37,110.55,199.56,160.92,0.19
89.45,109.46,194.02,160.60,0.18
83.53,108.38,188.48,160.28,0.17
82.30,112.33,183.33,156.38,0.18
76.38,111.24,177.79,156.06,0.17
69.24,109.77,171.32,155.94,0.17
66.91,111.25,168.31,156.04,0.16
62.12,106.33,165.38,154.86,0.17
56.20,105.25,159.85,154.54,0.16
51.63,108.17,154.50,155.89,0.19
45.72,107.08,148.96,155.57,0.18
39.80,106.00,143.42,155.25,0.17
33.25,108.22,134.28,152.28,0.16
27.33,107.14,128.74,151.96,0.15
20.19,105.66,122.28,151.84,0.16
16.82,107.04,119.18,153.75,0.19
10.91,105.96,113.64,153.43,0.18
4.02,109.59,105.51,154.56,0.18
-1.11,107.17,103.43,158.25,0.17
0.74,111.78,102.92,158.13,0.19
-0.74,114.48,99.57,157.10,0.18
nan,nan,nan,nan,nan
nan,nan,nan,nan,nan
nan,nan,nan,nan,nan
nan,nan,nan,nan,nan
nan,nan,nan,nan,nan
nan,nan,nan,nan,nan
nan,nan,nan,nan,nan
nan,nan,nan,nan,nan
nan,nan,nan,nan,nan
nan,nan,nan,nan,nan
nan,nan,nan,nan,nan
nan,nan,nan,nan,nan
nan,nan,nan,nan,nan
nan,nan,nan,nan,nan
nan,nan,nan,nan,nan
nan,nan,nan,nan,nan
nan,nan,nan,nan,nan
nan,nan,nan,nan,nan
nan,nan,nan,nan,nan
nan,nan,nan,nan,nan
nan,nan,nan,nan,nan
nan,nan,nan,nan,nan
nan,nan,nan,nan,nan
-1.02,105.56,101.88,153.36,0.15
1.45,104.61,104.46,152.64,0.21
4.21,101.10,107.46,149.60,0.17
0.29,99.06,103.58,147.64,0.15
9.33,99.43,111.59,145.94,0.17
18.08,99.83,119.30,144.26,0.18
25.20,96.50,128.07,144.23,0.18
16.89,95.18,122.91,149.22,0.17
31.49,95.23,135.55,145.35,0.15
38.94,96.98,140.91,142.91,0.18
44.89,93.91,148.50,143.13,0.18
39.35,96.25,142.27,144.10,0.17
44.70,93.30,149.28,144.45,0.16
51.10,93.89,154.64,142.97,0.18
61.72,94.50,166.17,145.40,0.18
55.77,97.03,160.48,148.45,0.20
51.56,98.97,155.59,149.03,0.19
60.44,99.33,165.38,151.21,0.18
56.77,101.11,161.02,151.62,0.17
53.37,102.83,156.93,151.96,0.15
60.49,102.92,164.97,153.89,0.15
56.48,104.47,161.22,155.96,0.18
53.88,105.94,157.94,156.06,0.16
65.55,109.38,168.98,158.23,0.19
59.64,108.30,163.44,157.91,0.18
52.75,111.93,155.31,159.04,0.18
58.12,111.86,161.60,160.80,0.18
63.50,111.79,167.89,162.57,0.18
61.16,113.26,164.87,162.67,0.16
64.62,114.06,167.29,161.39,0.18
53.86,117.06,156.17,163.68,0.17
55.98,114.76,159.94,164.68,0.17
67.66,118.20,170.98,166.85,0.20
61.74,117.12,165.44,166.53,0.19
59.41,118.59,162.42,166.62,0.17
64.78,118.52,168.71,168.39,0.17
60.21,121.44,163.36,169.74,0.20
65.58,121.37,169.65,171.50,0.20
58.10,119.74,163.02,171.56,0.18
55.77,121.21,160.00,171.66,0.16
64.13,126.25,166.16,172.32,0.16
60.94,123.97,164.77,173.63,0.19
58.61,125.45,161.75,173.73,0.18
56.28,126.92,158.73,173.82,0.16
52.91,128.30,155.63,175.73,0.19
56.91,127.19,161.37,178.10,0.18
58.30,130.72,159.79,175.71,0.17
67.03,129.37,172.21,181.74,0.18
70.48,130.17,174.63,180.47,0.20
68.15,131.65,171.62,180.57,0.18
65.82,133.12,168.60,180.67,0.16
77.50,136.56,179.64,182.84,0.19
75.17,138.03,176.62,182.94,0.17
77.29,135.74,180.39,183.94,0.17
82.66,135.67,186.68,185.70,0.17
88.03,135.60,192.97,187.46,0.17
95.35,141.07,197.20,186.77,0.20
99.34,139.96,202.94,189.15,0.20
104.72,139.89,209.23,190.91,0.20
102.39,141.36,206.21,191.01,0.18
107.76,141.29,212.50,192.77,0.18
111.22,142.09,214.92,191.50,0.19
116.19,147.75,217.61,192.59,0.17
118.31,145.45,221.38,193.59,0.17
129.99,148.89,232.42,195.76,0.20
132.11,146.60,236.19,196.76,0.19
139.21,150.10,241.69,197.06,0.17
142.66,150.90,244.11,195.79,0.18
139.30,152.28,241.00,197.69,0.21
147.28,148.81,250.69,197.64,0.21
148.14,152.00,251.37,200.46,0.19
151.60,152.80,253.79,199.19,0.20
156.97,152.73,260.08,200.95,0.20
162.34,152.66,266.37,202.71,0.20
164.46,150.36,270.14,203.71,0.20
171.56,153.87,275.64,204.01,0.17
175.02,154.67,278.06,202.74,0.18
172.69,156.14,275.04,202.84,0.16
184.36,159.58,286.08,205.01,0.19
186.48,157.28,289.85,206.01,0.19
184.15,158.76,286.83,206.11,0.17
187.61,159.56,289.25,204.83,0.19
191.11,161.51,293.99,209.27,0.19
196.48,161.44,300.28,211.03,0.19
202.91,162.60,304.75,208.28,0.17
199.54,163.98,301.64,210.18,0.20
204.92,163.91,307.93,211.94,0.20
212.01,167.42,313.43,212.25,0.17
208.78,164.35,311.38,211.56,0.20
215.87,167.55,317.86,213.52,0.19
215.17,167.04,318.33,215.36,0.22
213.86,166.31,317.05,214.71,0.20
216.53,167.10,320.45,216.95,0.20
214.99,170.23,316.90,216.05,0.20
217.82,171.31,320.08,217.83,0.23
215.49,172.79,317.07,217.93,0.21
213.16,174.26,314.05,218.03,0.20
217.16,173.15,319.79,220.41,0.19
213.79,174.53,316.68,222.31,0.22
211.46,176.00,313.66,222.41,0.20
216.83,175.93,319.95,224.17,0.20
209.95,179.56,311.82,225.31,0.21
215.32,179.49,318.11,227.07,0.21
207.94,181.56,311.07,229.82,0.20
205.33,184.28,306.24,228.09,0.21
209.33,183.17,311.97,230.47,0.20
203.16,182.73,306.36,231.13,0.22
204.02,185.92,307.04,233.96,0.19
202.13,189.62,302.54,232.43,0.22
206.13,188.51,308.28,234.81,0.21
201.34,187.51,304.38,235.58,0.27
199.01,188.98,301.36,235.68,0.25
197.69,188.25,300.08,235.03,0.23
191.53,187.82,294.46,235.69,0.24
197.97,191.42,299.11,235.70,0.23
194.73,188.35,297.06,235.01,0.26
192.40,189.83,294.04,235.11,0.24
194.52,187.53,297.81,236.11,0.24
193.47,188.50,295.65,234.86,0.24
195.78,187.15,297.53,232.66,0.24
184.38,182.55,287.25,230.29,0.22
187.84,183.35,289.67,229.01,0.24
186.52,182.62,288.39,228.36,0.22
188.64,180.32,292.16,229.36,0.21
185.28,178.91,288.16,226.68,0.19
182.04,175.85,286.12,225.99,0.22
184.22,175.78,287.51,224.36,0.21
180.99,172.71,285.47,223.67,0.24
184.45,173.51,287.89,222.40,0.25
179.39,171.75,282.27,219.52,0.21
182.84,172.55,284.69,218.25,0.22
180.26,170.14,282.94,217.51,0.22
177.02,167.07,280.90,216.82,0.25
174.31,168.09,275.97,213.42,0.20
171.08,165.03,273.93,212.73,0.23
176.45,164.96,280.22,214.49,0.23
172.87,165.88,273.89,209.93,0.22
174.99,163.59,277.66,210.93,0.22
171.76,160.52,275.61,210.24,0.25
168.40,159.11,271.62,207.56,0.23
166.06,160.59,268.60,207.66,0.21
162.70,159.18,264.60,204.97,0.19
164.82,156.88,268.37,205.97,0.19
168.28,157.68,270.79,204.70,0.20
164.92,156.27,266.79,202.02,0.18
157.78,154.80,260.33,201.91,0.19
161.23,155.60,262.75,200.63,0.20
155.32,154.52,257.21,200.31,0.19
157.44,152.22,260.98,201.31,0.19
154.07,150.81,256.98,198.63,0.17
150.84,147.74,254.94,197.94,0.20
153.11,146.98,256.11,194.98,0.16
145.96,145.51,249.64,194.86,0.17
148.08,143.22,253.41,195.86,0.17
149.91,145.10,252.06,191.41,0.19
146.55,143.69,248.07,188.73,0.17
143.36,141.41,246.67,190.04,0.20
141.03,142.89,243.65,190.14,0.19
143.30,142.13,244.82,187.17,0.15
138.51,141.13,240.91,187.94,0.21
135.15,139.72,236.92,185.26,0.18
139.14,138.61,242.66,187.63,0.18
133.23,137.53,237.12,187.31,0.17
129.87,136.12,233.12,184.63,0.15
126.50,137.50,230.02,186.53,0.17
132.74,134.78,237.37,186.04,0.19
130.41,136.25,234.35,186.13,0.17
130.79,135.38,233.20,182.21,0.21
120.38,136.10,222.85,183.04,0.16
122.50,133.81,226.61,184.04,0.16
125.96,134.61,229.03,182.77,0.18
120.04,133.53,223.50,182.44,0.16
118.49,133.26,222.29,182.86,0.22
123.01,134.15,224.91,179.95,0.18
115.86,132.68,218.45,179.84,0.19
119.86,131.57,224.19,182.22,0.18
113.31,133.79,215.04,179.25,0.18
110.70,131.65,214.37,180.98,0.17
108.37,133.12,211.35,181.08,0.15
111.83,133.92,213.77,179.81,0.17
108.46,135.30,210.67,181.71,0.19
105.10,133.89,206.67,179.03,0.17
97.96,132.42,200.21,178.91,0.18
94.59,133.80,197.10,180.82,0.21
96.71,131.50,200.87,181.82,0.21
94.38,132.98,197.85,181.92,0.19
97.84,133.78,200.27,180.64,0.20
99.96,131.48,204.04,181.64,0.20
97.63,132.96,201.02,181.74,0.18
98.76,132.35,200.91,178.66,0.15
104.79,131.27,208.52,180.75,0.20
107.06,130.51,209.69,177.78,0.17
110.51,131.31,212.11,176.51,0.18
112.63,129.02,215.88,177.51,0.18
118.87,126.30,223.23,177.01,0.19
122.33,127.10,225.65,175.73,0.20
123.46,126.50,225.54,172.65,0.17
125.58,124.20,229.31,173.65,0.17
131.82,121.48,236.66,173.15,0.18
135.28,122.28,239.08,171.88,0.20
141.71,123.45,243.55,169.12,0.18
143.83,121.15,247.31,170.12,0.18
147.28,121.95,249.73,168.85,0.19
149.40,119.65,253.50,169.85,0.19
155.64,116.94,260.85,169.35,0.20
154.41,120.88,255.69,165.45,0.21
162.39,117.41,265.38,165.39,0.21
163.10,114.55,267.40,165.14,0.20
167.10,113.44,273.14,167.51,0.20
173.53,114.60,277.61,164.76,0.18
175.35,116.48,276.26,160.31,0.20
177.47,114.19,280.03,161.31,0.20
179.59,111.89,283.80,162.31,0.20
183.05,112.69,286.22,161.03,0.21
177.13,111.61,280.68,160.71,0.20
182.51,111.54,286.97,162.47,0.20
185.96,112.34,289.39,161.20,0.21
183.63,113.82,286.37,161.30,0.19
185.75,111.52,290.14,162.30,0.19
183.42,112.99,287.12,162.40,0.17
181.09,114.47,284.10,162.50,0.16
177.72,115.85,281.00,164.40,0.18
175.39,117.32,277.98,164.50,0.17
172.02,118.70,274.88,166.40,0.19
172.89,121.89,275.56,169.23,0.17
170.56,123.36,272.54,169.33,0.16
174.05,125.31,277.28,173.76,0.15
168.23,126.61,271.37,174.88,0.24
165.65,127.69,268.82,176.03,0.18
158.76,131.32,260.68,177.17,0.18
156.43,132.80,257.66,177.27,0.17
152.59,135.78,255.77,184.14,0.21
156.59,134.67,261.51,186.52,0.20
146.18,135.39,251.16,187.35,0.16
142.81,136.77,248.05,189.26,0.19
146.27,137.57,250.47,187.98,0.20
143.94,139.05,247.45,188.08,0.18
141.60,140.52,244.44,188.18,0.16
138.37,137.45,242.39,187.50,0.20
141.83,138.25,244.81,186.22,0.21
138.47,136.85,240.81,183.54,0.19
132.55,135.76,235.28,183.22,0.18
129.19,134.35,231.28,180.54,0.15
126.00,132.07,229.88,181.85,0.19
127.13,131.47,229.78,178.76,0.16
124.00,128.42,227.68,177.79,0.21
125.13,127.82,227.57,174.70,0.18
119.21,126.74,222.04,174.38,0.17
122.67,127.54,224.46,173.11,0.18
119.31,126.13,220.46,170.43,0.16
114.53,121.21,217.54,169.24,0.17
117.98,122.02,219.96,167.97,0.19
112.07,120.93,214.42,167.65,0.18
106.15,119.85,208.89,167.33,0.16
111.52,119.78,215.18,169.09,0.16
108.15,121.16,212.07,170.99,0.19
109.29,120.55,211.97,167.91,0.16
114.66,120.48,218.26,169.67,0.16
111.30,121.86,215.15,171.57,0.19
114.75,122.66,217.57,170.30,0.20
116.87,120.36,221.34,171.30,0.20
114.54,121.84,218.32,171.40,0.18
118.00,122.64,220.74,170.12,0.19
122.91,122.27,225.30,169.05,0.14
119.72,119.99,223.90,170.36,0.18
126.15,121.15,228.37,167.61,0.16
131.52,121.09,234.66,169.37,0.16
133.64,118.79,238.43,170.37,0.16
134.77,118.18,238.32,167.28,0.13
138.23,118.99,240.74,166.01,0.14
144.47,116.27,248.09,165.51,0.15
146.59,113.97,251.86,166.51,0.15
146.44,112.24,249.47,160.29,0.15
152.68,109.53,256.82,159.79,0.16
149.32,108.12,252.82,157.11,0.14
158.24,105.65,261.78,154.74,0.15
158.10,103.92,259.39,148.52,0.15
160.21,101.63,263.16,149.52,0.15
155.91,97.71,259.19,146.27,0.16
161.29,97.64,265.48,148.03,0.16
155.37,96.55,259.95,147.71,0.15
158.83,97.35,262.37,146.44,0.16
164.20,97.28,268.66,148.20,0.16
161.87,98.76,265.64,148.30,0.15
158.50,100.14,262.53,150.20,0.17
165.60,103.64,268.03,150.50,0.15
159.68,102.56,262.49,150.18,0.13
165.05,102.49,268.78,151.94,0.13
161.69,103.87,265.68,153.85,0.16
165.68,102.76,271.42,156.22,0.16
164.45,106.70,266.26,152.32,0.16
170.57,106.62,274.84,157.16,0.16
168.24,108.09,271.82,157.26,0.14
168.95,106.29,273.53,157.44,0.16
166.62,107.76,270.51,157.54,0.14
170.12,109.71,275.25,161.98,0.14
167.79,111.19,272.24,162.08,0.12
171.25,111.99,274.66,160.81,0.13
168.92,113.46,271.64,160.90,0.12
172.37,114.26,274.06,159.63,0.13
169.18,111.98,272.66,160.94,0.16
166.85,113.46,269.64,161.04,0.15
172.22,113.39,275.93,162.80,0.15
169.89,114.86,272.91,162.90,0.13
172.01,112.57,276.68,163.90,0.13
175.47,113.37,279.10,162.63,0.14
173.14,114.84,276.08,162.73,0.12
175.26,112.55,279.85,163.73,0.12
172.93,114.02,276.83,163.83,0.10
176.68,116.17,279.48,163.76,0.14
174.35,117.64,276.46,163.86,0.12
176.47,115.35,280.22,164.86,0.12
174.14,116.82,277.21,164.96,0.10
177.59,117.62,279.63,163.69,0.11
174.40,115.34,278.23,165.00,0.15
181.50,118.85,283.73,165.30,0.12
174.36,117.38,277.26,165.19,0.13
172.02,118.85,274.24,165.28,0.11
168.83,116.57,272.85,166.59,0.14
166.50,118.04,269.83,166.69,0.12
168.62,115.75,273.59,167.69,0.12
161.73,119.38,265.46,168.83,0.13
162.87,118.77,265.35,165.75,0.10
159.68,116.49,263.96,167.06,0.13
157.35,117.97,260.94,167.15,0.11
155.01,119.44,257.92,167.25,0.10
151.82,117.16,256.52,168.56,0.13
149.49,118.64,253.51,168.66,0.11
152.95,119.44,255.93,167.39,0.13
147.03,118.35,250.39,167.07,0.11
143.84,116.07,248.99,168.38,0.15
141.51,117.55,245.97,168.48,0.13
139.18,119.02,242.96,168.58,0.11
136.85,120.50,239.94,168.68,0.09
133.66,118.21,238.54,169.98,0.13
131.32,119.69,235.52,170.08,0.11
134.78,120.49,237.94,168.81,0.12
128.86,119.41,232.41,168.49,0.11
126.53,120.88,229.39,168.59,0.09
122.09,118.28,227.37,170.85,0.15
119.76,119.75,224.35,170.95,0.13
117.42,121.23,221.33,171.05,0.11
114.19,118.16,219.29,170.36,0.14
111.86,119.63,216.27,170.46,0.12
115.31,120.44,218.69,169.19,0.14
112.98,121.91,215.67,169.29,0.12
109.62,123.29,212.57,171.19,0.15
104.56,121.52,206.95,168.31,0.10
99.99,124.44,201.60,169.67,0.14
92.85,122.97,195.14,169.55,0.14
96.84,121.86,200.88,171.93,0.14
90.29,124.08,191.73,168.96,0.14
92.41,121.78,195.50,169.96,0.13
90.08,123.26,192.48,170.06,0.12
82.94,121.78,186.02,169.94,0.12
80.61,123.26,183.00,170.04,0.11
77.42,120.98,181.60,171.35,0.14
75.08,122.45,178.58,171.45,0.12
72.75,123.93,175.57,171.55,0.10
76.21,124.73,177.99,170.28,0.12
72.84,126.11,174.88,172.18,0.15
66.93,125.02,169.35,171.86,0.13
64.59,126.50,166.33,171.96,0.12
57.45,125.03,159.86,171.85,0.12
61.45,123.92,165.60,174.22,0.12
55.53,122.83,160.06,173.90,0.11
53.20,124.31,157.05,174.00,0.09
50.01,122.03,155.65,175.31,0.12
47.68,123.50,152.63,175.41,0.11
49.50,125.39,151.29,170.96,0.13
47.17,126.86,148.27,171.06,0.11
41.25,125.78,142.73,170.73,0.10
38.06,123.50,141.34,172.04,0.13
35.73,124.97,138.32,172.14,0.11
37.85,122.68,142.08,173.14,0.11
35.52,124.15,139.06,173.24,0.09
32.28,121.08,137.02,172.55,0.12
29.95,122.56,134.00,172.65,0.11
26.76,120.28,132.60,173.96,0.14
24.43,121.75,129.59,174.06,0.12
21.07,120.34,125.59,171.38,0.10
24.53,121.14,128.01,170.11,0.11
18.61,120.06,122.47,169.79,0.10
15.37,116.99,120.43,169.10,0.13
13.04,118.46,117.41,169.20,0.11
11.72,117.73,116.13,168.55,0.09
12.06,114.27,116.27,164.69,0.10
9.26,116.16,111.28,162.19,0.13
16.50,114.93,118.18,160.30,0.09
13.26,111.86,116.14,159.61,0.13
11.94,111.14,114.86,158.96,0.10
18.18,108.42,122.21,158.46,0.12
14.82,107.01,118.21,155.78,0.10
21.06,104.29,125.56,155.28,0.11
17.48,105.22,119.23,150.72,0.10
19.60,102.92,123.00,151.72,0.10
16.37,99.86,120.95,151.03,0.13
19.61,96.94,124.09,147.90,0.13
17.28,98.41,121.07,148.00,0.11
19.40,96.12,124.84,149.00,0.11
25.83,97.28,129.31,146.24,0.09
22.46,98.66,126.20,148.14,0.12
19.10,97.25,122.21,145.46,0.10
24.47,97.18,128.50,147.22,0.09
21.67,99.07,123.50,144.73,0.12
27.05,99.00,129.79,146.49,0.12
24.72,100.48,126.77,146.59,0.10
26.84,98.18,130.54,147.59,0.10
29.77,103.73,131.34,148.86,0.12
23.85,102.64,125.80,148.54,0.11
29.98,102.56,134.38,153.38,0.10
27.64,104.04,131.37,153.48,0.09
31.10,104.84,133.79,152.20,0.10
34.60,106.79,138.53,156.64,0.10
32.27,108.26,135.51,156.74,0.08
28.90,109.64,132.40,158.65,0.11
34.19,111.54,136.92,159.01,0.10
31.00,109.26,135.53,160.32,0.13
36.52,112.60,141.10,163.76,0.12
36.21,112.75,141.08,164.48,0.09
32.85,114.13,137.97,166.39,0.12
36.30,114.93,140.39,165.11,0.14
43.40,118.44,145.89,165.41,0.11
41.07,119.91,142.87,165.51,0.09
37.70,121.29,139.77,167.42,0.12
43.08,121.22,146.06,169.18,0.12
45.38,122.46,149.21,172.10,0.08
42.02,123.84,146.10,174.01,0.11
46.01,122.73,151.84,176.38,0.11
44.78,126.67,146.68,172.48,0.11
48.77,125.56,152.42,174.86,0.11
45.41,126.94,149.32,176.76,0.14
50.78,126.87,155.61,178.52,0.14
48.45,128.34,152.59,178.62,0.12
53.82,128.27,158.88,180.38,0.12
54.69,131.46,159.56,183.21,0.10
58.14,132.26,161.98,181.93,0.11
55.81,133.74,158.96,182.03,0.09
53.48,135.21,155.94,182.13,0.07
57.48,134.10,161.68,184.51,0.07
54.11,135.48,158.58,186.41,0.10
58.11,134.37,164.32,188.79,0.09
65.42,139.84,168.55,188.10,0.13
59.50,138.75,163.02,187.78,0.11
66.60,142.26,168.51,188.08,0.09
63.23,143.64,165.41,189.98,0.11
63.69,143.10,166.61,190.93,0.10
67.19,145.05,171.35,195.37,0.10
70.65,145.86,173.77,194.10,0.11
68.32,147.33,170.75,194.20,0.10
64.95,148.71,167.65,196.10,0.12
74.10,150.54,175.31,194.96,0.12
74.96,153.72,175.99,197.78,0.10
71.77,151.44,174.60,199.09,0.13
75.77,150.33,180.34,201.47,0.13
79.22,151.13,182.76,200.20,0.14
84.60,151.06,189.05,201.96,0.14
73.83,154.06,177.93,204.24,0.14
79.21,153.99,184.22,206.00,0.13
84.58,153.92,190.51,207.77,0.13
88.04,154.72,192.93,206.49,0.15
94.16,154.64,201.51,211.33,0.14
109.68,155.86,216.65,211.80,0.19
115.80,155.78,225.24,216.64,0.18
119.46,157.88,228.02,216.98,0.13
132.15,157.85,240.04,215.63,0.14
144.34,159.11,256.18,224.78,0.14
151.57,157.88,263.08,222.89,0.11
163.39,161.47,274.73,226.15,0.15
162.41,156.96,276.34,226.82,0.12
169.50,160.47,281.83,227.12,0.09
185.03,161.69,296.98,227.59,0.14
190.40,161.62,303.27,229.35,0.14
206.76,162.99,317.75,226.95,0.10
203.86,162.70,316.30,229.58,0.13
203.80,161.57,319.28,234.52,0.07
nan,nan,nan,nan,nan
nan,nan,nan,nan,nan
nan,nan,nan,nan,nan
nan,nan,nan,nan,nan
nan,nan,nan,nan,nan
nan,nan,nan,nan,nan
nan,nan,nan,nan,nan
nan,nan,nan,nan,nan
nan,nan,nan,nan,nan
nan,nan,nan,nan,nan
nan,nan,nan,nan,nan
nan,nan,nan,nan,nan
nan,nan,nan,nan,nan
nan,nan,nan,nan,nan
nan,nan,nan,nan,nan
nan,nan,nan,nan,nan
nan,nan,nan,nan,nan
nan,nan,nan,nan,nan
nan,nan,nan,nan,nan
nan,nan,nan,nan,nan
nan,nan,nan,nan,nan
nan,nan,nan,nan,nan
nan,nan,nan,nan,nan
nan,nan,nan,nan,nan
nan,nan,nan,nan,nan
nan,nan,nan,nan,nan
nan,nan,nan,nan,nan
nan,nan,nan,nan,nan
nan,nan,nan,nan,nan
nan,nan,nan,nan,nan
nan,nan,nan,nan,nan
nan,nan,nan,nan,nan
nan,nan,nan,nan,nan
nan,nan,nan,nan,nan
nan,nan,nan,nan,nan
nan,nan,nan,nan,nan
nan,nan,nan,nan,nan
nan,nan,nan,nan,nan
nan,nan,nan,nan,nan
nan,nan,nan,nan,nan
82.04,126.51,195.22,194.88,0.11
90.00,129.99,198.03,188.04,0.16
83.75,126.71,191.81,184.84,0.14
77.91,125.77,189.08,190.10,0.09
78.49,127.79,186.21,185.24,0.05
77.16,127.48,182.63,180.41,0.11
71.60,126.39,180.17,185.52,0.06
74.22,124.17,179.62,176.96,0.08
83.48,126.38,189.70,180.81,0.19
73.85,120.32,183.42,181.47,0.16
68.65,119.05,181.33,186.40,0.11
80.10,120.57,190.68,183.73,0.14
77.16,122.30,183.58,177.14,0.12
72.33,119.78,178.79,174.69,0.10
67.20,119.70,174.01,175.30,0.16
77.84,120.47,182.34,171.46,0.09
68.94,124.46,169.51,167.60,0.09
60.47,121.11,162.84,167.84,0.13
75.18,121.33,179.29,171.55,0.12
63.17,118.05,168.62,170.94,0.07
58.87,117.93,164.66,171.51,0.13
67.91,118.30,172.66,169.81,0.14
62.62,117.04,168.98,171.76,0.08
58.72,116.90,165.43,172.30,0.14
49.90,116.13,154.40,167.11,0.09
61.20,115.91,167.44,170.38,0.09
52.95,117.41,156.99,167.49,0.11
58.89,114.33,164.58,167.71,0.11
53.35,116.67,158.35,168.68,0.09
47.64,113.91,154.43,169.50,0.12
42.63,116.09,148.74,170.31,0.10
44.23,114.01,149.10,165.75,0.07
50.04,114.64,153.87,164.31,0.09
45.83,116.59,148.98,164.88,0.07
41.01,112.58,145.35,163.25,0.10
37.34,114.37,140.99,163.67,0.08
40.64,111.88,145.93,164.47,0.08
38.68,111.63,144.32,164.91,0.14
43.91,112.42,147.65,161.90,0.09
47.66,113.22,150.36,160.62,0.11
53.03,113.15,156.65,162.38,0.10
49.67,111.74,152.65,159.70,0.08
55.05,111.67,158.94,161.46,0.08
52.72,113.15,155.93,161.56,0.06
58.96,110.43,163.27,161.06,0.08
64.33,110.36,169.56,162.83,0.08
67.79,111.16,171.98,161.55,0.09
74.02,108.44,179.33,161.05,0.10
80.45,109.61,183.80,158.30,0.09
82.57,107.31,187.57,159.30,0.08
86.03,108.11,189.99,158.03,0.10
91.40,108.04,196.28,159.79,0.10
93.67,107.28,197.44,156.82,0.06
97.13,108.08,199.86,155.55,0.07
103.37,105.36,207.21,155.05,0.09
100.18,103.08,205.82,156.36,0.12
104.70,103.97,208.43,153.45,0.07
106.82,101.68,212.20,154.45,0.07
110.27,102.48,214.62,153.17,0.09
113.73,103.28,217.04,151.90,0.10
117.73,102.17,222.78,154.28,0.09
115.39,103.64,219.76,154.38,0.08
118.85,104.44,222.18,153.10,0.09
115.66,102.16,220.79,154.41,0.12
121.03,102.09,227.08,156.17,0.12
125.55,102.98,229.69,153.26,0.07
122.36,100.70,228.30,154.57,0.11
124.79,105.37,227.59,152.97,0.05
130.09,103.25,235.39,155.85,0.12
133.55,104.05,237.81,154.57,0.13
130.96,105.13,235.26,155.72,0.07
128.58,102.07,233.73,154.35,0.06
133.96,102.00,240.01,156.11,0.06
137.41,102.80,242.44,154.84,0.08
140.87,103.60,244.86,153.57,0.09
142.99,101.31,248.62,154.57,0.09
146.45,102.11,251.04,153.29,0.10
148.57,99.81,254.81,154.29,0.10
146.24,101.29,251.79,154.39,0.08
149.69,102.09,254.21,153.12,0.10
143.78,101.00,248.67,152.80,0.08
137.86,99.92,243.14,152.48,0.07
126.39,102.13,231.75,154.85,0.08
123.03,100.72,227.75,152.16,0.06
121.48,100.46,226.54,152.59,0.12
115.56,99.37,221.01,152.26,0.10
113.23,100.85,217.99,152.36,0.09
106.08,99.38,211.52,152.25,0.09
98.94,97.90,205.06,152.14,0.10
92.39,100.12,195.92,149.17,0.10
90.06,101.60,192.90,149.26,0.08
98.04,98.13,202.58,149.21,0.08
101.50,98.93,205.00,147.94,0.10
120.61,97.60,224.61,147.60,0.05
129.53,95.14,233.58,145.23,0.06
142.22,95.12,245.60,143.87,0.06
154.16,93.89,257.71,142.99,0.09
173.28,92.57,277.32,142.65,0.04
189.81,91.92,294.75,143.80,0.08
190.94,91.32,294.64,140.72,0.05
194.94,90.21,300.38,143.09,0.05
198.39,91.01,302.80,141.82,0.06
203.77,90.94,309.09,143.58,0.06
212.69,88.47,318.05,141.21,0.07
211.81,90.17,316.70,141.95,0.07
215.27,90.97,319.12,140.68,0.08
213.95,90.24,317.84,140.02,0.06
217.41,91.04,320.26,138.75,0.07
214.22,88.76,318.87,140.06,0.11
nan,nan,nan,nan,nan
nan,nan,nan,nan,nan
nan,nan,nan,nan,nan
nan,nan,nan,nan,nan
nan,nan,nan,nan,nan
nan,nan,nan,nan,nan
nan,nan,nan,nan,nan
nan,nan,nan,nan,nan
nan,nan,nan,nan,nan
194.76,89.84,297.15,136.61,0.02
200.57,90.48,301.92,135.17,0.03
204.75,87.80,307.75,135.78,0.03
200.68,88.52,305.46,140.08,0.05
205.61,89.23,309.35,138.71,0.07
203.77,88.29,307.55,137.85,0.04
208.11,89.05,310.85,136.53,0.06
204.46,86.72,309.00,137.79,0.09
201.86,88.19,305.71,137.89,0.07
200.54,87.46,304.43,137.24,0.05
206.42,87.40,310.82,138.19,0.05
200.51,86.31,305.28,137.87,0.04
203.96,87.12,307.70,136.60,0.05
200.60,88.49,304.60,138.50,0.08
202.87,87.73,305.77,135.53,0.05
199.50,89.11,302.66,137.44,0.08
194.83,87.07,299.38,138.17,0.04
202.24,87.28,304.51,133.82,0.04
198.87,88.65,301.41,135.72,0.07
200.99,86.36,305.17,136.72,0.07
199.67,85.63,303.89,136.07,0.05
201.36,86.40,304.43,134.54,0.08
200.04,85.67,303.15,133.89,0.05
197.71,87.15,300.13,133.99,0.04
194.52,84.87,298.73,135.30,0.07
192.18,86.34,295.71,135.40,0.05
189.85,87.82,292.70,135.50,0.03
183.94,86.73,287.16,135.18,0.02
187.39,87.53,289.58,133.90,0.04
182.95,84.93,287.56,136.17,0.09
180.62,86.41,284.55,136.26,0.07
178.28,87.88,281.53,136.36,0.05
173.50,86.89,277.62,137.13,0.11
166.60,89.50,270.16,138.61,0.03
170.06,90.30,272.58,137.34,0.05
158.59,92.51,261.19,139.71,0.05
152.67,91.43,255.65,139.39,0.04
149.31,92.81,252.55,141.29,0.07
138.90,93.53,242.19,142.12,0.02
135.70,91.25,240.80,143.43,0.06
128.82,94.88,232.66,144.57,0.06
121.67,93.41,226.20,144.46,0.07
114.79,97.04,218.06,145.59,0.08
108.74,97.56,212.72,147.52,0.06
101.59,96.08,206.26,147.41,0.07
94.71,99.72,198.12,148.55,0.08
84.30,100.44,187.77,149.38,0.03
79.51,99.44,183.86,150.15,0.09
80.37,102.63,184.55,152.97,0.07
74.46,101.54,179.01,152.65,0.06
72.12,103.02,175.99,152.75,0.04
77.50,102.95,182.28,154.51,0.04
75.17,104.42,179.26,154.61,0.02
78.62,105.22,181.68,153.34,0.03
82.08,106.03,184.10,152.07,0.05
84.20,103.73,187.87,153.07,0.04
81.87,105.20,184.85,153.17,0.03
85.33,106.00,187.27,151.89,0.04
87.45,103.71,191.04,152.89,0.04
85.11,105.18,188.02,152.99,0.02
88.57,105.98,190.44,151.72,0.03
90.69,103.69,194.21,152.72,0.03
94.15,104.49,196.63,151.44,0.04
99.52,104.42,202.92,153.21,0.04
96.16,105.80,199.81,155.11,0.07
100.15,104.69,205.55,157.49,0.07
97.82,106.16,202.53,157.58,0.05
101.28,106.96,204.95,156.31,0.06
106.65,106.89,211.24,158.07,0.06
104.32,108.37,208.22,158.17,0.04
107.78,109.17,210.64,156.90,0.06
110.55,107.65,215.76,160.07,0.04
108.22,109.13,212.74,160.17,0.03
111.68,109.93,215.16,158.89,0.04
118.59,109.30,222.86,159.83,0.04
116.26,110.78,219.84,159.93,0.02
120.26,109.67,225.58,162.31,0.02
123.72,110.47,228.00,161.04,0.03
121.38,111.94,224.98,161.14,0.01
124.84,112.74,227.40,159.86,0.03
126.96,110.45,231.17,160.86,0.03
132.33,110.38,237.46,162.62,0.03
128.97,111.75,234.36,164.53,0.05
135.40,112.92,238.82,161.77,0.04
138.85,113.72,241.25,160.50,0.05
140.97,111.42,245.01,161.50,0.05
148.07,114.93,250.51,161.80,0.02
145.74,116.40,247.49,161.90,0.00
153.72,112.93,257.18,161.85,0.00
157.18,113.73,259.60,160.57,0.02
159.00,115.62,258.25,156.12,0.04
nan,nan,nan,nan,nan
nan,nan,nan,nan,nan
nan,nan,nan,nan,nan
nan,nan,nan,nan,nan
nan,nan,nan,nan,nan
nan,nan,nan,nan,nan
nan,nan,nan,nan,nan
nan,nan,nan,nan,nan
116.49,109.45,217.47,153.41,-0.09
111.69,106.87,214.47,154.43,-0.06
109.31,106.64,212.44,154.89,0.00
114.24,107.35,216.33,153.52,0.02
110.84,109.06,212.24,153.85,-0.00
106.96,106.68,210.15,155.07,0.03
104.09,108.24,206.60,155.24,0.01
100.37,106.83,202.23,152.56,-0.01
103.82,107.63,204.65,151.29,0.01
100.46,109.01,201.55,153.19,0.03
94.54,107.92,196.01,152.87,0.02
88.62,106.84,190.48,152.55,0.01
85.43,104.56,189.08,153.86,0.04
83.10,106.03,186.06,153.96,0.03
77.18,104.95,180.53,153.64,0.01
80.64,105.75,182.95,152.36,0.03
74.72,104.66,177.41,152.04,0.02
76.84,102.37,181.18,153.04,0.01
74.51,103.84,178.16,153.14,-0.00
77.97,104.64,180.58,151.87,0.01
74.78,102.36,179.18,153.18,0.04
74.32,101.93,178.46,152.19,0.03
77.78,102.73,180.88,150.92,0.04
78.64,105.91,181.56,153.74,0.02
73.58,104.15,175.94,150.87,-0.02
70.22,105.52,172.84,152.77,0.01
72.34,103.23,176.61,153.77,0.01
70.00,104.70,173.59,153.87,-0.01
73.46,105.50,176.01,152.60,0.00
76.92,106.30,178.43,151.32,0.02
79.04,104.01,182.20,152.32,0.01
71.89,102.54,175.73,152.21,0.02
65.98,101.45,170.20,151.89,0.01
63.65,102.93,167.18,151.99,-0.01
61.31,104.40,164.16,152.09,-0.03
54.17,102.93,157.69,151.98,-0.02
57.63,103.73,160.11,150.70,-0.00
51.71,102.65,154.58,150.38,-0.02
48.34,104.03,151.47,152.28,0.01
50.46,101.73,155.24,153.28,0.01
43.92,103.95,146.10,150.31,0.01
38.00,102.87,140.56,149.99,-0.01
41.99,101.76,146.30,152.37,-0.01
39.66,103.23,143.28,152.47,-0.03
43.12,104.03,145.70,151.19,-0.02
39.93,101.75,144.31,152.50,0.02
37.60,103.22,141.29,152.60,0.00
41.06,104.02,143.71,151.33,0.01
43.17,101.73,147.47,152.33,0.01
40.84,103.20,144.46,152.43,-0.01
44.30,104.00,146.88,151.15,0.01
38.38,102.92,141.34,150.83,-0.00
43.76,102.85,147.63,152.59,-0.01
37.84,101.77,142.09,152.27,-0.02
41.30,102.57,144.51,151.00,-0.00
38.96,104.04,141.49,151.10,-0.02
42.42,104.84,143.91,149.83,-0.01
44.54,102.55,147.68,150.83,-0.01
41.17,103.93,144.58,152.73,0.02
43.44,103.16,145.74,149.76,-0.02
40.08,104.54,142.64,151.67,0.01
42.20,102.25,146.41,152.67,0.01
39.87,103.72,143.39,152.76,-0.01
36.68,101.44,141.99,154.07,0.02
37.81,100.83,141.89,150.99,-0.01
35.48,102.31,138.87,151.09,-0.02
38.94,103.11,141.29,149.82,-0.01
36.60,104.58,138.27,149.91,-0.03
38.72,102.29,142.04,150.91,-0.03
36.39,103.76,139.02,151.01,-0.05
34.84,103.50,137.81,151.43,0.01
36.96,101.20,141.58,152.43,0.01
34.63,102.68,138.56,152.53,-0.01
32.30,104.15,135.54,152.63,-0.03
34.42,101.85,139.31,153.63,-0.03
32.87,101.59,138.10,154.05,0.03
37.39,102.48,140.72,151.14,-0.01
35.06,103.95,137.70,151.24,-0.03
31.86,101.67,136.31,152.55,0.00
29.28,102.75,133.76,153.70,-0.06
27.73,102.49,132.55,154.12,-0.00
25.40,103.96,129.53,154.22,-0.02
27.52,101.66,133.30,155.22,-0.02
25.19,103.14,130.28,155.32,-0.04
22.00,100.86,128.88,156.63,-0.00
28.44,104.46,133.53,156.64,-0.01
25.08,103.05,129.53,153.96,-0.03
22.75,104.53,126.51,154.06,-0.05
19.38,105.90,123.41,155.96,-0.02
21.50,103.61,127.18,156.96,-0.02
24.96,104.41,129.60,155.69,-0.01
28.41,105.21,132.02,154.41,0.00
32.41,104.10,137.76,156.79,-0.00
30.08,105.58,134.74,156.89,-0.02
33.54,106.38,137.16,155.62,-0.01
38.45,106.01,141.72,154.55,-0.06
36.90,105.74,140.51,154.97,0.00
35.11,107.12,137.84,154.58,-0.08
38.57,107.92,140.26,153.31,-0.07
43.86,105.80,148.06,156.19,0.00
45.00,105.19,147.95,153.10,-0.03
50.37,105.12,154.24,154.86,-0.03
48.04,106.60,151.22,154.96,-0.05
51.50,107.40,153.64,153.69,-0.04
49.17,108.87,150.63,153.79,-0.05
49.96,107.82,151.75,153.40,-0.07
56.19,105.11,159.09,152.91,-0.06
52.83,106.48,155.99,154.81,-0.03
54.95,104.19,159.76,155.81,-0.03
55.81,107.37,160.44,158.63,-0.05
59.27,108.18,162.86,157.36,-0.04
55.91,106.77,158.86,154.68,-0.06
61.28,106.70,165.15,156.44,-0.06
64.74,107.50,167.57,155.17,-0.05
66.86,105.20,171.34,156.17,-0.05
64.53,106.68,168.32,156.26,-0.07
66.65,104.38,172.09,157.26,-0.07
70.10,105.18,174.51,155.99,-0.05
73.56,105.98,176.93,154.72,-0.04
71.23,107.46,173.91,154.82,-0.06
76.60,107.39,180.20,156.58,-0.06
74.27,108.86,177.18,156.68,-0.08
80.51,106.14,184.53,156.18,-0.06
77.14,107.52,181.43,158.08,-0.04
74.81,109.00,178.41,158.18,-0.05
81.05,106.28,185.75,157.68,-0.04
78.72,107.75,182.74,157.78,-0.06
82.18,108.55,185.16,156.51,-0.05
87.55,108.48,191.45,158.27,-0.05
85.22,109.96,188.43,158.37,-0.06
91.46,107.24,195.77,157.87,-0.05
86.89,110.16,190.42,159.22,-0.02
94.12,108.93,197.33,157.33,-0.05
90.76,110.31,194.22,159.23,-0.02
92.88,108.01,197.99,160.23,-0.02
96.34,108.81,200.41,158.96,-0.01
93.75,109.89,197.86,160.11,-0.07
97.21,110.69,200.28,158.84,-0.06
102.58,110.62,206.57,160.60,-0.06
101.03,110.36,205.36,161.02,-0.00
98.45,111.44,202.82,162.17,-0.06
101.91,112.24,205.24,160.90,-0.05
107.28,112.17,211.52,162.66,-0.05
110.74,112.97,213.94,161.38,-0.04
104.82,111.89,208.41,161.06,-0.05
110.19,111.82,214.70,162.82,-0.05
113.65,112.62,217.12,161.55,-0.04
119.02,112.55,223.41,163.31,-0.04
108.26,115.54,212.29,165.60,-0.04
111.72,116.34,214.71,164.32,-0.03
115.71,115.23,220.45,166.70,-0.04
113.38,116.71,217.43,166.80,-0.05
116.84,117.51,219.85,165.53,-0.04
118.96,115.21,223.62,166.53,-0.04
122.42,116.01,226.04,165.25,-0.03
120.08,117.49,223.02,165.35,-0.05
125.46,117.42,229.31,167.11,-0.05
123.13,118.89,226.29,167.21,-0.07
123.62,120.22,226.55,168.08,-0.03
