142,125,232,164
138.05,124.57,228.07,163.58
133.48,125.07,223.49,164.07
128.01,124.83,218.01,163.83
124.63,125.27,214.6,164.26
119.65,123.39,209.63,162.38
115.44,123.59,205.36,162.55
110.31,122.56,200.24,161.52
105.95,122.36,195.87,161.32
100.88,121.37,190.82,160.34
95.738,120.36,185.66,159.33
91.305,119.9,181.25,158.88
86.293,118.82,176.22,157.79
81.911,119,171.89,157.99
76.232,117.46,166.22,156.45
71.893,117.11,161.92,156.13
66.8,116.15,156.81,155.15
61.541,116.04,151.6,155.07
56.064,115.79,146.04,154.77
50.415,115.15,140.48,154.17
44.951,114.74,135.06,153.79
39.511,113.93,129.55,152.94
33.353,114.55,123.51,153.61
26.759,113.05,116.88,152.1
21.217,114.6,111.37,153.67
15.3,115.03,105.47,154.11
10.29,116.12,100.47,155.2
3.9979,117.5,94.119,156.55
-2.7742,118.69,87.398,157.76
-8.4341,120.65,81.747,159.73
-15.651,121.3,74.457,160.35
-20.548,122.94,69.591,162
-27.14,123.54,62.912,162.56
-34.036,124.78,55.813,163.71
-37.734,125.26,52.211,164.23
-39.766,125.82,50.199,164.81
-39.269,126.3,50.609,165.24
-40.804,126.18,49.152,165.16
-41.013,125.81,49.13,164.88
-41.051,125.54,49.168,164.64
-41.972,125.37,48.298,164.49
-40.895,125.23,49.351,164.34
-38.398,123.7,51.896,162.83
-37.194,123.17,52.899,162.21
-35.044,122.14,55.118,161.21
-32.624,121.25,57.665,160.38
-29.768,120.25,60.501,159.37
-27.576,118.71,62.717,157.84
-24.6,118.49,65.637,157.6
-21.93,116.33,68.314,155.44
-19.843,116.36,70.361,155.45
-18.352,114.47,71.815,153.54
-15.354,113.45,74.834,152.54
-12.967,112.46,77.2,151.53
-10.309,110.85,79.802,149.9
-3.2075,110.03,86.816,149.04
-0.24171,108.46,89.858,147.51
6.5081,106.78,96.698,145.87
10.244,106.05,100.42,145.13
15.183,104.99,105.28,144.03
21.442,104.32,111.54,143.36
25.163,103.77,115.26,142.81
31.955,103.1,121.86,142.06
36.594,103.13,126.66,142.16
41.155,102.82,131.19,141.84
47.39,103.21,137.41,142.22
51.501,103.7,141.5,142.7
55.545,104.32,145.68,143.38
55.377,106.43,145.46,145.47
56.086,107.75,146.14,146.78
56.603,108.79,146.63,147.8
56.556,110.68,146.61,149.71
57.147,111.69,147.16,150.69
58.033,112.92,148,151.9
58.817,114.89,148.82,153.89
58.818,115.8,148.84,154.81
59.216,116.91,149.24,155.92
58.719,117.85,148.74,156.86
58.71,119.09,148.74,158.1
58.856,119.16,148.89,158.18
59.357,120.58,149.37,159.58
59.834,121.59,149.85,160.6
59.242,121.99,149.21,160.97
59.146,123.67,149.11,162.66
58.859,123.81,148.74,162.76
59.317,124.85,149.18,163.79
57.975,126.23,147.85,165.17
58.387,126.22,148.34,165.2
58.404,127.74,148.29,166.69
58.322,128.44,148.28,167.42
57.651,129.24,147.55,168.2
58.178,130.3,148.07,169.25
57.215,130.8,147.08,169.74
57.272,132.35,147.16,171.3
56.473,132.58,146.48,171.58
56.478,134.09,146.47,173.09
56.16,134.3,146.19,173.32
58.837,135.74,148.81,174.73
59.928,136.68,149.91,175.67
63.274,137.21,153.27,176.21
64.137,139.1,154.16,178.11
66.661,138.99,156.64,177.98
68.221,140.97,158.1,179.92
69.17,140.57,159.07,179.53
71.645,142.16,161.47,181.08
75.389,143.74,165.3,182.7
79.341,143.78,169.3,182.77
84.98,145.89,174.67,184.76
86.928,146.35,176.6,185.21
92.746,147.02,182.42,185.88
95.704,148.78,185.37,187.64
100.43,148.96,189.97,187.75
104.77,150.46,194.25,189.23
108.01,151.06,197.45,189.81
113.18,151.79,202.4,190.45
117.43,153.32,206.6,191.95
120.77,153.29,210.06,191.98
125.6,154.92,214.86,193.59
129.08,155.16,218.22,193.79
133.19,156.64,222.36,195.27
137.59,157.08,226.77,195.72
140.81,158.26,230,196.91
145.68,158.45,234.91,197.11
149.3,159.44,238.54,198.11
153.78,160.34,243.12,199.06
157.68,160.46,246.99,199.16
161.98,161.61,251.28,200.31
166.06,161.68,255.38,200.38
169.71,162.97,259.15,201.73
174.91,163.51,264.22,202.21
177.03,163.99,266.23,202.64
182.43,164.56,271.59,203.19
185.46,165.75,274.34,204.26
189.54,166.56,278.5,205.1
193.68,166.9,282.68,205.46
196.37,168.58,285.37,207.14
199.63,168.89,288.67,207.47
204.37,169.79,293.62,208.46
204.51,170.8,293.69,209.43
207.42,170.96,296.69,209.64
207.02,173.14,296.16,211.76
208.7,171.36,297.9,210.01
210.61,173.51,300.07,212.27
210.85,174.02,300.43,212.83
213.32,174.39,302.78,213.15
213.51,175.94,303,214.72
215.16,175.92,304.85,214.78
215.98,176.85,305.65,215.7
214.57,177.74,304.24,216.6
213.92,178.69,303.71,217.59
213.01,180.65,302.75,219.54
212.27,181.01,301.99,219.88
211.18,182.48,300.94,221.38
210.5,183.13,300.31,222.05
209.1,184.92,298.95,223.86
208.17,185.84,298.24,224.87
207.83,187.35,298.28,226.54
206.45,188.95,297.1,228.24
206.57,190.18,297.09,229.41
205.35,190.84,295.67,229.98
204.81,192.24,295.21,231.42
203.45,193.77,293.8,232.92
202.44,194.86,292.75,233.99
201.73,195.54,292.28,234.78
200.2,196.27,290.88,235.56
199.84,195.82,291,235.33
198.28,195.82,289.68,235.44
197.76,195.79,289.26,235.45
196.26,195.23,287.96,234.97
195.54,195.8,287.12,235.5
195,194.49,286.69,234.23
193.36,193.51,285.11,233.28
193.06,192.64,284.71,232.37
191.02,191.12,282.87,230.94
190.93,189.82,282.99,229.72
189.25,188.78,281.38,228.71
188.25,186.84,280.37,226.77
187.18,185.86,279.1,225.7
185.71,184.19,277.78,224.1
185.63,183.7,277.68,223.6
183.2,181.63,275.2,221.52
183.81,181.03,275.84,220.92
181.85,179.44,273.81,219.31
181.32,178.06,273.2,217.88
180.23,177.06,271.97,216.82
178.4,176.08,270,215.78
177.87,174.86,269.35,214.5
176.67,173.52,268.19,213.19
175.44,172.82,266.94,212.47
174.97,170.86,266.4,210.49
173.06,170.31,264.5,209.94
172.22,169.12,263.58,208.72
171.2,167.84,262.46,207.39
169.21,167.56,260.46,207.11
168.19,165.51,259.43,205.05
166.82,165.05,258.08,204.6
165.32,164.11,256.17,203.48
164.44,162.72,255.04,201.98
163.91,162.25,253.2,200.94
158.61,160.82,246.57,198.92
157.79,160.39,245.76,198.5
155.6,159.22,243.25,197.19
154.79,157.92,242.49,195.92
153.46,157.02,241.08,194.97
151.96,155.75,239.71,193.76
151.21,155.74,238.92,193.74
149.67,153.84,236.94,191.63
150.13,154.12,236.41,191.48
143.12,152.51,229.57,189.95
142.79,151.76,229.79,189.44
141.6,151.07,228.71,188.8
140.45,149.72,227.5,187.42
139.57,150.19,226.13,187.68
137.75,147.95,224.14,185.36
136.72,148.85,223.19,186.31
133.41,147.33,219.97,184.82
132.46,146.49,218.97,183.95
130.09,147.11,216.81,184.67
129.21,145.7,215.86,183.22
129.17,146.2,215.93,183.77
127.09,145.27,213.68,182.77
126.46,145.64,212.9,183.07
125.14,144.93,211.62,182.38
122.86,144.8,209.7,182.41
122.88,144.18,209.87,181.85
120.39,144.06,207.46,181.77
120.37,143.69,207.43,181.39
118.13,143.26,205.25,181
117.12,142.84,204.25,180.58
114.96,142.32,201.96,180
114.32,142.42,201.5,180.18
111.04,142.84,198.38,180.67
108.12,139.95,195.39,177.75
106,140.93,193.21,178.71
103.56,140.7,190.8,178.49
102.71,140.55,190.08,178.4
99.746,141.17,186.93,178.94
98.051,140.71,185.07,178.4
95.787,141.03,182.82,178.73
96.517,141.19,183.43,178.83
97.907,140.04,184.88,177.71
98.828,140.99,185.85,178.68
99.918,139.24,186.95,176.94
102.73,139.93,189.79,177.64
105.67,138.22,192.76,175.94
110.16,137.55,197.28,175.28
113.2,137.04,200.32,174.77
116.52,135.32,203.7,173.08
120.32,135.17,207.52,172.94
124.26,133.69,211.46,171.46
127.82,133.12,215.02,170.89
131.58,131.72,218.91,169.55
135.57,130.61,222.76,168.38
138.16,129.96,225.35,167.72
142.68,128.93,230,166.76
145.84,128.01,233.18,165.84
147.54,127.45,234.74,165.22
153.52,126.47,240.62,164.19
153.9,126.54,241.09,164.3
159.63,125.13,246.84,162.9
162.6,124.92,249.87,162.73
165.05,123.88,252.28,161.66
169.78,122.92,257.07,160.73
171.18,122.38,258.38,160.16
176.46,121.3,263.8,159.13
177.96,120.68,265.3,158.51
179.69,119.86,267.02,157.68
180.18,120.4,267.53,158.24
181.27,120.12,268.56,157.93
182.44,120.8,269.81,158.64
183.07,121.35,270.36,159.16
184.85,120.73,272.15,158.54
184.89,122.37,272.18,160.18
182.3,122.04,269.55,159.83
181.45,123.86,268.65,161.63
177.97,125.33,265.18,163.1
176.45,126.34,263.61,164.1
174.22,129.3,261.46,167.08
171.05,129.99,258.4,167.83
170.48,133.04,257.83,170.88
165.42,134.26,252.74,172.08
165.87,135.75,253.2,173.57
161,138.78,248.34,176.61
159.83,139.53,247.3,177.42
154.22,143.23,241.61,181.09
154.02,144.23,241.52,182.13
149.71,145.71,237.11,183.57
148.08,147.28,235.67,185.22
145.8,146.84,233.31,184.75
144.14,148.48,231.58,186.35
142.74,147.39,230.13,185.24
142.07,146.4,229.53,184.28
138.98,145.59,226.43,183.47
136.49,144.44,223.88,182.29
135.44,143.84,222.86,181.71
132.22,141.69,219.68,179.57
130.76,140.57,218.44,178.55
128.64,138.96,216.32,176.94
125.68,137.74,213.33,175.71
125.4,136.16,212.97,174.09
120.43,134.81,207.98,172.73
120,133.02,207.56,170.94
117.97,131.95,205.49,169.86
115.68,129.92,203.22,167.84
115.26,129.19,202.71,167.06
112.51,128.69,200.04,166.61
110.79,128.21,198.38,166.15
109.62,128.54,197.22,166.49
110.57,129.34,198.2,167.29
110.98,129.31,198.64,167.28
111.95,129.88,199.62,167.85
113.1,130.21,200.69,168.15
113.73,130.3,201.35,168.25
110.74,132.32,198.4,170.29
111.22,132.38,198.94,170.38
112.27,132.3,200.07,170.34
116.32,131.64,204.07,169.65
118.81,131.58,206.58,169.6
122.29,130.95,210.12,168.99
126.14,130.83,214.03,168.91
128.39,130.15,216.28,168.22
132.52,128.54,220.52,166.66
134.79,128.15,222.77,166.26
138.26,127.28,226.24,165.4
141.81,124.83,229.82,162.96
144.03,123.08,232,161.19
147.33,119.93,235.35,158.07
150.09,117.5,238.23,155.68
151.83,115.62,239.93,153.78
153.79,112.1,241.9,150.27
155.53,110.62,243.72,148.83
156.04,108.72,244.04,146.83
157.29,107.82,245.35,145.96
157.15,107.99,245.27,146.16
158.09,108.4,246.21,146.57
158.73,109.52,246.76,147.66
159.09,110.66,247.17,148.81
159.95,111.14,247.94,149.25
160.38,111.76,248.41,149.9
161.23,113.1,249.24,151.23
161.18,113.43,249.22,151.57
161.69,114.85,249.73,153
161.33,115.04,249.43,153.2
162.94,115.96,251.06,154.13
162.74,117.37,250.78,155.5
164.39,117.5,252.44,155.64
165.01,118.63,253,156.74
164.69,119.18,252.78,157.35
165.95,120.23,253.92,158.34
165.12,121.29,253.13,159.41
165.89,121.94,253.86,160.05
166.91,122.95,254.91,161.07
167.9,122.95,255.87,161.06
168.39,123.41,256.24,161.47
168.31,123.45,256.2,161.52
169.31,123.81,257.14,161.86
167.9,124.65,255.7,162.68
169.59,124.7,257.31,162.7
168.96,125.12,256.66,163.11
169.83,125.33,257.64,163.37
170.38,125.55,258.14,163.56
171.08,125.72,258.8,163.71
171.13,125.73,258.82,163.71
172.09,126.59,259.79,164.58
172.09,125.91,259.79,163.9
172.51,127.11,260.24,165.12
173.2,126.91,260.97,164.93
172.55,127.02,260.2,164.99
173,127.57,260.7,165.55
170.43,127.08,258.09,165.06
169.27,127.64,256.94,165.62
167.75,127.37,255.48,165.37
164.57,128.3,252.3,166.3
163.01,127.66,250.71,165.64
159.99,128.87,247.72,166.87
157.24,128.62,245.14,166.7
155.01,128.81,242.81,166.85
152.69,129.47,240.5,167.51
152.25,128.57,239.99,166.58
150.13,129.18,237.89,167.19
147.97,128.81,235.69,166.8
146,129.34,233.69,167.33
144.19,129.01,231.88,167
141.76,129.33,229.4,167.29
140.18,129.52,227.79,167.47
137.7,129.04,225.16,166.92
135.17,130.31,222.73,168.24
132.9,129.39,220.35,167.27
130.25,130.07,217.73,167.97
127.6,130.1,215.16,168.03
126.87,129.71,214.23,167.56
123.87,130.72,211.24,168.57
121.73,130.15,209.09,167.99
118.9,130.33,206.18,168.14
115.42,131.33,202.7,169.14
114.01,130.66,201.33,168.48
111.88,132.03,199.06,169.79
109.56,130.94,196.78,168.72
107.92,131.8,195.2,169.61
103.26,132.27,190.48,170.05
101.73,131.33,188.95,169.11
98.193,132.83,185.5,170.65
94.635,132.05,182,169.89
94.211,133.03,181.58,170.88
90.326,132.9,177.75,170.77
89.839,132.36,177.19,170.2
86.095,132.67,173.4,170.49
83.839,132.49,171.18,170.32
80.376,133.82,167.74,171.66
77.471,133.14,164.79,170.96
75.972,134.25,163.25,172.05
72.613,133.87,159.9,171.68
71.229,133.34,158.6,171.18
68.065,134.44,155.48,172.3
65.021,133.49,152.43,171.35
63.897,134.51,151.34,172.39
57.781,134.93,145.36,172.86
56.504,134.9,144,172.8
54.909,134.88,142.49,172.82
52.248,134.58,140.01,172.6
50.334,134.61,138.13,172.64
47.131,135.16,135,173.23
44.367,134.22,132.22,172.28
42.064,135.54,130.03,173.65
39.121,134.63,127.04,172.72
38.369,134.71,126.3,172.8
36.343,134.58,124.26,172.66
34.756,134.13,122.74,172.25
32.236,134.24,120.21,172.35
30.355,133.98,118.33,172.09
27.652,134.27,115.68,172.41
26.685,133.22,114.68,171.34
23.832,133.18,111.81,171.29
22.107,131.63,110,169.7
19.663,131.4,107.54,169.46
17.723,130.96,105.67,169.06
15.704,129.57,103.65,167.67
13.826,129.54,101.83,167.67
10.981,128.22,98.902,166.31
9.5117,126.8,97.562,164.94
8.7939,125.38,96.856,163.53
9.8683,123.76,97.919,161.9
10.798,122.73,98.88,160.88
11.039,121.13,99.216,159.33
13.057,118.83,101.24,157.03
13.839,117.41,101.94,155.57
14.537,115.9,102.51,154.01
15.538,113.98,103.46,152.07
17.022,112.57,104.94,150.65
16.812,111.49,104.75,149.59
18.55,108.97,106.54,147.09
18.421,108.93,106.46,147.07
18.744,108.22,106.77,146.35
20.189,108.21,108.17,146.32
19.043,108.8,107.03,146.91
19.991,107.75,108.05,145.9
20.422,108.5,108.39,146.61
20.341,108.27,108.31,146.38
22.03,108.87,109.94,146.95
22.534,109.78,110.39,147.83
22.391,109.84,110.2,147.87
23.944,112.07,111.66,150.06
23.223,112.15,110.96,150.16
25.217,113.38,112.86,151.35
25.371,114.86,113.01,152.82
25.317,115.74,112.97,153.71
28.26,117.76,115.9,155.73
27.576,118.13,115.22,156.09
30.403,120,118.09,157.98
29.968,121.01,117.61,158.98
30.912,121.99,118.52,159.94
31.777,123.82,119.39,161.77
32.045,124.42,119.63,162.36
35.554,125.82,123.2,163.79
35.615,126.37,123.23,164.33
37.173,128.11,124.95,166.14
37.297,129.26,124.97,167.24
37.948,130.34,125.59,168.31
38.948,131.31,126.59,169.27
40.392,133.27,128.11,171.27
40.639,134.13,128.37,172.13
42.499,134.98,130.26,172.99
42.1,136.44,129.92,174.48
43.575,137.21,131.4,175.25
45.074,138.7,132.89,176.74
47.221,139.12,135.18,177.23
49.282,140.38,137.17,178.45
49.627,141.38,137.52,179.46
50.977,142.58,138.89,180.66
52.483,143.09,140.43,181.19
53.073,144.59,140.97,182.66
54.22,145.41,142.14,183.5
55.711,146.09,143.6,184.16
56.526,147.47,144.39,185.53
58.051,148.21,145.88,186.25
59.449,149.8,147.24,187.83
60.744,150.15,148.54,188.19
62.393,151.65,150.17,189.68
61.505,153.22,149.33,191.26
63.547,153.74,151.22,191.72
63.114,155.56,150.96,193.61
64.654,156.21,152.49,194.26
66.626,157.3,154.83,195.5
67.049,158.83,155.33,197.07
67.872,159.14,156.21,197.41
69.438,160.74,157.71,198.97
70.356,161.07,158.67,199.33
71.896,162.15,160.11,200.37
73.338,163.1,161.61,201.35
74.39,163.63,162.53,201.81
NaN,NaN,NaN,NaN
NaN,NaN,NaN,NaN
NaN,NaN,NaN,NaN
NaN,NaN,NaN,NaN
NaN,NaN,NaN,NaN
NaN,NaN,NaN,NaN
NaN,NaN,NaN,NaN
NaN,NaN,NaN,NaN
NaN,NaN,NaN,NaN
NaN,NaN,NaN,NaN
NaN,NaN,NaN,NaN
NaN,NaN,NaN,NaN
NaN,NaN,NaN,NaN
NaN,NaN,NaN,NaN
NaN,NaN,NaN,NaN
NaN,NaN,NaN,NaN
NaN,NaN,NaN,NaN
NaN,NaN,NaN,NaN
NaN,NaN,NaN,NaN
NaN,NaN,NaN,NaN
NaN,NaN,NaN,NaN
NaN,NaN,NaN,NaN
NaN,NaN,NaN,NaN
NaN,NaN,NaN,NaN
NaN,NaN,NaN,NaN
NaN,NaN,NaN,NaN
NaN,NaN,NaN,NaN
NaN,NaN,NaN,NaN
NaN,NaN,NaN,NaN
NaN,NaN,NaN,NaN
NaN,NaN,NaN,NaN
NaN,NaN,NaN,NaN
NaN,NaN,NaN,NaN
NaN,NaN,NaN,NaN
NaN,NaN,NaN,NaN
NaN,NaN,NaN,NaN
NaN,NaN,NaN,NaN
NaN,NaN,NaN,NaN
NaN,NaN,NaN,NaN
NaN,NaN,NaN,NaN
NaN,NaN,NaN,NaN
NaN,NaN,NaN,NaN
NaN,NaN,NaN,NaN
NaN,NaN,NaN,NaN
NaN,NaN,NaN,NaN
NaN,NaN,NaN,NaN
NaN,NaN,NaN,NaN
NaN,NaN,NaN,NaN
NaN,NaN,NaN,NaN
NaN,NaN,NaN,NaN
NaN,NaN,NaN,NaN
NaN,NaN,NaN,NaN
NaN,NaN,NaN,NaN
NaN,NaN,NaN,NaN
NaN,NaN,NaN,NaN
NaN,NaN,NaN,NaN
97.5,147,188.5,187
95.277,147.29,186.91,187.57
89.152,146.12,180.97,186.49
86.258,146.37,177.78,186.6
84.534,145.39,175.91,185.55
85.633,144.66,177,184.83
83.634,143.85,175.3,184.14
83.256,142.43,174.9,182.72
81.588,141.83,173.14,182.07
78.081,141.45,169.79,181.77
78.509,140.32,170.26,180.65
78.504,140.32,170.25,180.65
74.486,139.08,166.26,179.43
73.749,138.56,165.4,178.86
71.475,137.2,163.16,177.5
70.511,136.62,162.24,176.95
68.828,136.53,160.49,176.83
67.754,134.61,159.39,174.89
67.242,134.63,158.78,174.87
64.157,134.07,155.83,174.36
63.856,134.1,155.47,174.37
61.399,134,153.01,174.27
60.856,133.23,152.47,173.51
58.742,133.17,150.42,173.48
57.671,132.44,149.33,172.73
57.673,132.44,149.33,172.73
56.445,131.5,148.15,171.81
54.643,130.26,146.39,170.6
54.639,130.26,146.4,170.6
50.159,130.3,141.91,170.63
51.168,130.31,142.92,170.64
46.837,129.9,138.69,170.28
46.838,129.2,138.74,169.6
44.292,129.37,136.07,169.72
43.096,128.66,134.8,168.97
43.252,128.06,135.04,168.41
40.403,128.45,132.27,168.83
38.935,126.36,130.87,166.77
36.777,127.45,128.57,167.8
35.003,126.48,126.77,166.82
36.477,126.28,128.36,166.68
36.073,125.92,127.76,166.22
39.327,125.78,131.29,166.21
41.932,125.75,133.88,166.17
46.935,124.79,138.84,165.2
51.764,124.78,143.56,165.14
54.683,124.39,146.35,164.69
58.673,124.18,150.44,164.52
62.365,123.69,153.99,163.97
67.129,123.69,158.57,163.89
71.068,122.51,162.55,162.73
75.556,122.56,166.96,162.74
78.067,122.28,169.48,162.46
83.694,121.43,175.11,161.62
87.77,121.18,179.18,161.37
92.774,119.85,184.28,160.08
94.852,119.76,186.31,159.96
96.303,118.45,187.84,158.69
98.457,118.04,190.01,158.29
100.45,117.21,192.04,157.47
102.38,116.26,193.96,156.52
103.94,116.82,195.58,157.1
106.25,116.4,197.91,156.7
108.24,116.36,199.93,156.67
110.08,116.32,201.83,156.65
112.02,117.02,203.74,157.34
112.93,116.38,204.59,156.68
116.28,116.48,207.97,156.79
117.8,116.51,209.51,156.83
121.13,115.92,212.84,156.23
123.1,117.01,214.82,157.34
123.74,116.38,215.43,156.69
127.27,116.47,218.84,156.72
127.16,117.55,218.71,157.8
130.18,116,221.82,156.29
131.6,116.92,223.24,157.21
132.55,116.46,224.21,156.76
135.04,116.44,226.69,156.73
137.01,116.26,228.63,156.54
141.06,115.27,232.68,155.55
142.56,114.95,234.19,155.22
143.21,114.71,234.9,155.02
143.06,114.82,234.78,155.14
138.66,114.6,230.37,154.92
134.78,114.07,226.39,154.34
127.66,114.64,219.32,154.93
120.71,113.77,212.52,154.14
115.23,113.88,207.05,154.24
109.07,112.97,200.94,153.36
104.63,113.65,196.54,154.06
98.666,112.22,190.69,152.68
93.297,111.83,185.42,152.33
88.699,111.79,180.91,152.33
88.523,111.69,180.62,152.18
91.51,111.67,183.68,152.19
99.486,110.91,191.71,151.46
114.33,109.41,206.79,150.06
128.3,108.74,220.76,149.39
141.87,107.68,234.23,148.29
157.13,106.15,249.45,146.73
171.4,105.62,263.58,146.15
184.43,104.72,276.52,145.2
190.94,104.6,282.94,145.05
194.55,103.6,286.79,144.16
200.2,103.44,292.45,143.99
203.26,103.38,295.53,143.95
207.01,101.73,299.47,142.38
NaN,NaN,NaN,NaN
NaN,NaN,NaN,NaN
NaN,NaN,NaN,NaN
NaN,NaN,NaN,NaN
NaN,NaN,NaN,NaN
NaN,NaN,NaN,NaN
NaN,NaN,NaN,NaN
NaN,NaN,NaN,NaN
NaN,NaN,NaN,NaN
NaN,NaN,NaN,NaN
NaN,NaN,NaN,NaN
NaN,NaN,NaN,NaN
NaN,NaN,NaN,NaN
NaN,NaN,NaN,NaN
202.5,103,291.5,141
202.5,101.99,292.88,140.59
202.3,101.92,293.11,140.7
201.73,101.67,292.71,140.53
201.66,101.68,292.56,140.5
200.24,101.39,291.01,140.16
200.57,101.54,291.31,140.29
199.58,101.17,290.45,139.98
198.67,101.71,289.47,140.5
199.13,100.99,289.91,139.76
199.28,101.28,290.13,140.08
198.32,100.68,289.12,139.46
198.59,100.6,289.41,139.38
197.38,101.74,288.13,140.5
197.72,100.14,288.45,138.89
196.73,101.28,287.37,139.99
194.85,100.72,285.5,139.44
195.14,100.18,285.86,138.93
193.66,101.06,284.42,139.82
193.62,99.952,284.35,138.7
194.66,99.967,285.4,138.72
193.66,99.087,284.44,137.86
193.68,98.899,284.5,137.69
193.53,99.044,284.33,137.82
192.86,98.666,283.64,137.44
189.71,99.17,280.37,137.89
186.64,99.495,277.25,138.19
184.05,99.54,274.68,138.25
180.99,99.659,271.56,138.34
177.92,100.19,268.52,138.88
175.43,100.7,266.05,139.4
171.13,100.62,261.78,139.33
168.21,101.52,258.82,140.22
164.57,102.44,255.25,141.17
164.6,102.44,255.25,141.15
157.05,103.97,247.62,142.65
152.05,103.97,242.57,142.63
146.85,104.89,237.37,143.55
138.11,106.4,228.65,145.07
132.16,106,222.75,144.69
125.34,108.27,215.93,146.96
117.27,108.75,207.66,147.35
114.08,108.87,204.5,147.48
105.45,111.16,195.87,149.77
98.942,111.36,189.24,149.92
93.614,112.28,184.13,150.94
83.399,114.23,173.88,152.87
78.796,113.71,169.25,152.35
74.198,116.07,164.69,154.72
72.484,116.18,162.88,154.78
71.881,117.04,162.3,155.66
72.004,117.9,162.36,156.49
74.035,117.72,164.46,156.34
76.196,117.71,166.62,156.32
76.421,117.84,166.79,156.43
79.374,117.91,169.76,156.5
79.867,117.98,170.2,156.55
81.425,118.35,171.69,156.9
82.937,117.42,173.16,155.95
84.309,117.96,174.56,156.5
86.487,118.04,176.77,156.59
89.146,117.35,179.38,155.88
90.12,117.79,180.31,156.3
92.59,118.2,182.79,156.73
94.161,119.03,184.44,157.58
95.997,120.05,186.3,158.62
98.093,119.38,188.32,157.91
99.72,121.2,189.96,159.74
100.01,121.07,190.15,159.57
102.81,121.56,192.79,159.99
103.01,122.73,192.97,161.15
106.56,122.53,196.42,160.9
108.42,123.89,198.22,162.24
109.43,123.77,199.29,162.14
112.46,124.39,202.31,162.76
113.43,124.63,203.26,162.98
116.06,125.41,205.92,163.78
117.95,124.69,207.89,163.1
120.62,125.63,210.58,164.04
123.2,125.22,213.11,163.61
125.4,125.43,215.37,163.85
127.85,125.5,217.52,163.8
129.58,126.09,219.49,164.49
132.93,125.86,222.69,164.19
134.26,126.18,223.99,164.5
NaN,NaN,NaN,NaN
NaN,NaN,NaN,NaN
NaN,NaN,NaN,NaN
NaN,NaN,NaN,NaN
NaN,NaN,NaN,NaN
NaN,NaN,NaN,NaN
NaN,NaN,NaN,NaN
NaN,NaN,NaN,NaN
NaN,NaN,NaN,NaN
NaN,NaN,NaN,NaN
NaN,NaN,NaN,NaN
NaN,NaN,NaN,NaN
NaN,NaN,NaN,NaN
NaN,NaN,NaN,NaN
NaN,NaN,NaN,NaN
114.5,122,205.5,162
111.67,121.63,203.13,161.84
110.09,121.21,201.58,161.43
106.42,120.47,198.07,160.76
104.54,120.48,196.18,160.77
101.01,120.01,192.52,160.24
98.098,119.33,189.52,159.52
95.442,119.58,186.59,159.65
91.555,119.79,182.67,159.84
89.045,119.11,180.23,159.19
86.077,119.63,177.26,159.72
84.532,118.81,175.6,158.84
80.598,119.2,171.65,159.22
78.601,118.73,169.59,158.72
75.856,118.65,166.87,158.66
75.193,118.08,166.19,158.08
75.004,117.5,166.09,157.54
74.101,117.79,165.4,157.92
74.1,117.79,165.4,157.92
74.417,117.21,165.72,157.34
73.268,117.07,164.68,157.25
74.784,116.78,166.2,156.96
73.14,118.26,164.43,158.39
72.855,116.71,164.15,156.84
72.446,117.85,163.51,157.88
70.388,117.86,161.33,157.84
70.342,118.05,161.45,158.1
70.343,118.06,161.45,158.1
71.355,117.46,162.41,157.48
70.296,117.23,161.34,157.25
70.567,117.16,161.65,157.19
68.612,116.4,159.57,156.38
65.644,116.6,156.7,156.62
62.12,116.79,153.03,156.75
57.124,116.78,147.96,156.71
57.123,116.78,147.96,156.71
54.661,116.83,145.48,156.75
51.288,116.96,142.03,156.84
48.77,117.35,139.44,157.21
45.006,117.1,135.76,156.99
40.909,116.68,131.67,156.57
41.53,116.62,132.2,156.48
41.541,117.09,132.16,156.92
40.385,116.96,131.02,156.8
40.817,116.89,131.49,156.75
40.765,116.95,131.42,156.8
41.448,116.84,132.02,156.64
40.923,116.94,131.49,156.75
41.089,117,131.64,156.8
40.902,117.28,131.4,157.05
40.936,116.8,131.37,156.55
40.874,116.8,131.32,156.55
39.907,117.43,130.28,157.15
40.388,116.58,130.87,156.35
39.057,117.74,129.59,157.53
39.883,117.24,130.51,157.08
40.576,116.89,131.15,156.7
40.086,117.72,130.56,157.48
39.82,116.56,130.23,156.3
40.337,117.58,130.74,157.31
38.858,117.49,129.32,157.24
40.599,116.89,130.92,156.59
38.895,117.53,129.12,157.18
39.245,116.71,129.41,156.34
39.917,117.26,130.03,156.87
38.549,116.81,128.69,156.43
40.189,116.97,130.21,156.53
38.184,116.86,128.19,156.42
39.743,116.97,129.75,156.52
37.473,117.51,127.53,157.08
36.544,116.9,126.58,156.47
37.323,117.33,127.42,156.93
34.175,117.11,124.2,156.67
36.806,117.11,126.8,156.66
34.354,117.22,124.39,156.79
35.926,117.06,125.97,156.63
33.99,117.55,123.89,157.05
33.089,117.49,123.09,157.04
33.39,117.05,123.39,156.61
31.196,118.24,121.15,157.78
30.37,117.78,120.28,157.3
30.675,118.27,120.58,157.78
28.75,118.89,118.68,158.41
28.72,117.79,118.64,157.31
27.6,119.29,117.53,158.81
26.963,118.36,116.84,157.86
27.798,119.04,117.44,158.43
23.978,119.89,113.62,159.29
27.501,118.98,117.11,158.36
28.483,120.03,118.1,159.42
30.366,119.23,119.84,158.55
32.871,120.16,122.18,159.41
33.822,120.09,123.18,159.35
35.691,120.66,125.03,159.92
37.586,120.54,126.96,159.81
39.106,120.33,128.5,159.61
40.628,120.54,129.97,159.81
43.844,120,133.13,159.24
45.181,120.28,134.4,159.49
46.913,119.68,136.15,158.89
50.34,120.13,139.55,159.33
50.032,120.4,139.09,159.54
52.997,119.37,142.06,158.5
53.851,121.06,142.96,160.22
54.471,120.55,143.33,159.6
57.429,120.04,146.31,159.1
57.871,121.12,146.78,160.19
59.99,119.9,149.04,159.03
61.629,121.37,150.55,160.44
62.102,120.94,150.9,159.96
64.128,120.96,152.93,159.98
65.932,121.12,154.73,160.14
67.577,120.72,156.36,159.74
70.712,120.86,159.45,159.85
70.528,120.77,159.28,159.76
73.82,120.89,162.56,159.88
73.245,120.96,161.99,159.95
76.847,120.99,165.69,160.04
76.337,120.92,165.12,159.93
78.991,120.93,167.82,159.96
79.527,122.5,168.4,161.55
80.295,121.03,169.2,160.1
83.434,122.35,172.29,161.39
82.167,122.27,171.1,161.35
86.382,122.24,175.26,161.3
85.18,123.06,173.97,162.07
87.656,122.47,176.47,161.49
89.262,123.03,178.23,162.13
88.824,123.64,177.75,162.72
92.117,123.17,181,162.23
92.347,124.1,181.18,163.13
93.444,123.94,182.25,162.96
95.831,123.98,184.78,163.06
96.875,124.8,185.82,163.88
98.09,125.07,186.96,164.12
99.903,125.02,188.86,164.11
101.48,125.53,190.37,164.59
102.07,126.09,190.96,165.14
104.63,126.2,193.52,165.26
104.48,126.88,193.4,165.95
107.02,126.93,195.92,165.99
107.89,127.35,196.83,166.43
109.92,127.55,198.86,166.64
111.44,127.66,200.35,166.73
112.49,128.69,201.38,167.75
113.89,128.59,202.72,167.62
115.65,129.57,204.46,168.6
115.18,130.39,204.09,169.45
117.16,130.24,206.1,169.32
117.61,130.94,206.5,170
119.45,130.98,208.37,170.06
122.16,131.06,211.05,170.12
122.19,131.8,211.12,170.88
124.22,131.79,213.13,170.86
124.84,132.72,213.69,171.76
125.89,133.09,214.71,172.12
128.72,132.71,217.59,171.76
128.94,133.82,218.05,172.98
